0,-23.296,0,1.2283e+06
1e-07,-23.204,0.12343,1.2402e+06
2e-07,-23.111,0.24804,1.2521e+06
3e-07,-23.019,0.37385,1.264e+06
4e-07,-22.926,0.50084,1.2759e+06
5e-07,-22.833,0.62902,1.2878e+06
6e-07,-22.741,0.7584,1.2997e+06
7e-07,-22.648,0.88896,1.3116e+06
8e-07,-22.556,1.0207,1.3235e+06
9e-07,-22.463,1.1537,1.3354e+06
1e-06,-22.37,1.2878,1.3473e+06
1.1e-06,-22.278,1.4231,1.3592e+06
1.2e-06,-22.185,1.5596,1.3711e+06
1.3e-06,-22.093,1.6973,1.383e+06
1.4e-06,-22,1.8362,1.3949e+06
1.5e-06,-21.907,1.9763,1.4068e+06
1.6e-06,-21.815,2.1176,1.4187e+06
1.7e-06,-21.722,2.26,1.4306e+06
1.8e-06,-21.63,2.4037,1.4425e+06
1.9e-06,-21.537,2.5486,1.4545e+06
2e-06,-21.444,2.6946,1.4664e+06
2.1e-06,-21.352,2.8418,1.4783e+06
2.2e-06,-21.259,2.9903,1.4902e+06
2.3e-06,-21.166,3.1399,1.5021e+06
2.4e-06,-21.074,3.2907,1.5141e+06
2.5e-06,-20.981,3.4427,1.526e+06
2.6e-06,-20.889,3.5959,1.5379e+06
2.7e-06,-20.796,3.7503,1.5499e+06
2.8e-06,-20.703,3.9059,1.5618e+06
2.9e-06,-20.611,4.0626,1.5738e+06
3e-06,-20.518,4.2206,1.5857e+06
3.1e-06,-20.426,4.3798,1.5976e+06
3.2e-06,-20.333,4.5401,1.6096e+06
3.3e-06,-20.24,4.7017,1.6215e+06
3.4e-06,-20.148,4.8644,1.6335e+06
3.5e-06,-20.055,5.0284,1.6455e+06
3.6e-06,-19.963,5.1935,1.6574e+06
3.7e-06,-19.87,5.3599,1.6694e+06
3.8e-06,-19.777,5.5274,1.6814e+06
3.9e-06,-19.685,5.6962,1.6933e+06
4e-06,-19.592,5.8661,1.7053e+06
4.1e-06,-19.5,6.0372,1.7173e+06
4.2e-06,-19.407,6.2095,1.7293e+06
4.3e-06,-19.314,6.3831,1.7413e+06
4.4e-06,-19.222,6.5578,1.7533e+06
4.5e-06,-19.129,6.7337,1.7653e+06
4.6e-06,-19.037,6.9109,1.7773e+06
4.7e-06,-18.944,7.0892,1.7893e+06
4.8e-06,-18.851,7.2687,1.8013e+06
4.9e-06,-18.759,7.4494,1.8133e+06
5e-06,-18.666,7.6314,1.8254e+06
5.1e-06,-18.573,7.8145,1.8374e+06
5.2e-06,-18.481,7.9989,1.8495e+06
5.3e-06,-18.388,8.1844,1.8615e+06
5.4e-06,-18.296,8.3712,1.8736e+06
5.5e-06,-18.203,8.5591,1.8856e+06
5.6e-06,-18.11,8.7483,1.8977e+06
5.7e-06,-18.018,8.9387,1.9098e+06
5.8e-06,-17.925,9.1302,1.9219e+06
5.9e-06,-17.833,9.323,1.9339e+06
6e-06,-17.74,9.517,1.946e+06
6.1e-06,-17.647,9.7122,1.9582e+06
6.2e-06,-17.555,9.9087,1.9703e+06
6.3e-06,-17.462,10.106,1.9824e+06
6.4e-06,-17.37,10.305,1.9945e+06
6.5e-06,-17.277,10.505,2.0067e+06
6.6e-06,-17.184,10.706,2.0189e+06
6.7e-06,-17.092,10.909,2.031e+06
6.8e-06,-16.999,11.113,2.0432e+06
6.9e-06,-16.907,11.318,2.0554e+06
7e-06,-16.814,11.524,2.0676e+06
7.1e-06,-16.721,11.731,2.0798e+06
7.2e-06,-16.629,11.94,2.092e+06
7.3e-06,-16.536,12.15,2.1043e+06
7.4e-06,-16.443,12.361,2.1165e+06
7.5e-06,-16.351,12.573,2.1288e+06
7.6e-06,-16.258,12.786,2.1411e+06
7.7e-06,-16.166,13.001,2.1534e+06
7.8e-06,-16.073,13.217,2.1657e+06
7.9e-06,-15.98,13.434,2.1781e+06
8e-06,-15.888,13.653,2.1904e+06
8.1e-06,-15.795,13.872,2.2028e+06
8.2e-06,-15.703,14.093,2.2152e+06
8.3e-06,-15.61,14.315,2.2276e+06
8.4e-06,-15.517,14.539,2.24e+06
8.5e-06,-15.425,14.763,2.2524e+06
8.6e-06,-15.332,14.989,2.2649e+06
8.7e-06,-15.24,15.216,2.2774e+06
8.8e-06,-15.147,15.445,2.2899e+06
8.9e-06,-15.054,15.674,2.3024e+06
9e-06,-14.962,15.905,2.315e+06
9.1e-06,-14.869,16.137,2.3276e+06
9.2e-06,-14.777,16.371,2.3402e+06
9.3e-06,-14.684,16.605,2.3528e+06
9.4e-06,-14.591,16.841,2.3655e+06
9.5e-06,-14.499,17.078,2.3782e+06
9.6e-06,-14.406,17.317,2.3909e+06
9.7e-06,-14.314,17.557,2.4037e+06
9.8e-06,-14.221,17.798,2.4165e+06
9.9e-06,-14.128,18.04,2.4293e+06
1e-05,-14.036,18.284,2.4421e+06
1.01e-05,-13.943,18.528,2.455e+06
1.02e-05,-13.85,18.775,2.468e+06
1.03e-05,-13.758,19.022,2.4809e+06
1.04e-05,-13.665,19.271,2.4939e+06
1.05e-05,-13.573,19.521,2.507e+06
1.06e-05,-13.48,19.772,2.5201e+06
1.07e-05,-13.387,20.025,2.5332e+06
1.08e-05,-13.295,20.279,2.5464e+06
1.09e-05,-13.202,20.534,2.5596e+06
1.1e-05,-13.11,20.791,2.5729e+06
1.11e-05,-13.017,21.049,2.5862e+06
1.12e-05,-12.924,21.308,2.5996e+06
1.13e-05,-12.832,21.569,2.613e+06
1.14e-05,-12.739,21.831,2.6265e+06
1.15e-05,-12.647,22.094,2.6401e+06
1.16e-05,-12.554,22.359,2.6537e+06
1.17e-05,-12.461,22.625,2.6673e+06
1.18e-05,-12.369,22.892,2.6811e+06
1.19e-05,-12.276,23.161,2.6949e+06
1.2e-05,-12.184,23.431,2.7087e+06
1.21e-05,-12.091,23.703,2.7227e+06
1.22e-05,-11.998,23.976,2.7367e+06
1.23e-05,-11.906,24.25,2.7508e+06
1.24e-05,-11.813,24.526,2.765e+06
1.25e-05,-11.72,24.803,2.7792e+06
1.26e-05,-11.628,25.082,2.7936e+06
1.27e-05,-11.535,25.362,2.808e+06
1.28e-05,-11.443,25.643,2.8225e+06
1.29e-05,-11.35,25.926,2.8371e+06
1.3e-05,-11.257,26.211,2.8518e+06
1.31e-05,-11.165,26.496,2.8667e+06
1.32e-05,-11.072,26.784,2.8816e+06
1.33e-05,-10.98,27.073,2.8966e+06
1.34e-05,-10.887,27.363,2.9117e+06
1.35e-05,-10.794,27.655,2.927e+06
1.36e-05,-10.702,27.949,2.9424e+06
1.37e-05,-10.609,28.244,2.9579e+06
1.38e-05,-10.517,28.54,2.9735e+06
1.39e-05,-10.424,28.838,2.9893e+06
1.4e-05,-10.331,29.138,3.0052e+06
1.41e-05,-10.239,29.439,3.0212e+06
1.42e-05,-10.146,29.742,3.0374e+06
1.43e-05,-10.054,30.047,3.0538e+06
1.44e-05,-9.9609,30.353,3.0703e+06
1.45e-05,-9.8683,30.661,3.0869e+06
1.46e-05,-9.7757,30.97,3.1038e+06
1.47e-05,-9.6831,31.282,3.1208e+06
1.48e-05,-9.5905,31.595,3.138e+06
1.49e-05,-9.4979,31.909,3.1553e+06
1.5e-05,-9.4053,32.226,3.1729e+06
1.51e-05,-9.3127,32.544,3.1907e+06
1.52e-05,-9.2201,32.864,3.2086e+06
1.53e-05,-9.1275,33.186,3.2268e+06
1.54e-05,-9.0349,33.509,3.2452e+06
1.55e-05,-8.9422,33.835,3.2639e+06
1.56e-05,-8.8496,34.162,3.2827e+06
1.57e-05,-8.757,34.491,3.3018e+06
1.58e-05,-8.6644,34.822,3.3212e+06
1.59e-05,-8.5718,35.156,3.3408e+06
1.6e-05,-8.4792,35.491,3.3607e+06
1.61e-05,-8.3866,35.828,3.3809e+06
1.62e-05,-8.294,36.167,3.4013e+06
1.63e-05,-8.2014,36.508,3.4221e+06
1.64e-05,-8.1088,36.851,3.4431e+06
1.65e-05,-8.0162,37.197,3.4645e+06
1.66e-05,-7.9236,37.544,3.4861e+06
1.67e-05,-7.831,37.894,3.5082e+06
1.68e-05,-7.7383,38.246,3.5305e+06
1.69e-05,-7.6457,38.6,3.5532e+06
1.7e-05,-7.5531,38.956,3.5763e+06
1.71e-05,-7.4605,39.315,3.5998e+06
1.72e-05,-7.3679,39.676,3.6236e+06
1.73e-05,-7.2753,40.04,3.6479e+06
1.74e-05,-7.1827,40.406,3.6725e+06
1.75e-05,-7.0901,40.774,3.6976e+06
1.76e-05,-6.9975,41.146,3.7232e+06
1.77e-05,-6.9049,41.519,3.7492e+06
1.78e-05,-6.8123,41.895,3.7756e+06
1.79e-05,-6.7197,42.274,3.8025e+06
1.8e-05,-6.627,42.656,3.83e+06
1.81e-05,-6.5344,43.04,3.8579e+06
1.82e-05,-6.4418,43.428,3.8863e+06
1.83e-05,-6.3492,43.818,3.9153e+06
1.84e-05,-6.2566,44.211,3.9449e+06
1.85e-05,-6.164,44.607,3.975e+06
1.86e-05,-6.0714,45.006,4.0057e+06
1.87e-05,-5.9788,45.408,4.037e+06
1.88e-05,-5.8862,45.813,4.0689e+06
1.89e-05,-5.7936,46.222,4.1014e+06
1.9e-05,-5.701,46.633,4.1346e+06
1.91e-05,-5.6084,47.049,4.1685e+06
1.92e-05,-5.5158,47.467,4.203e+06
1.93e-05,-5.4231,47.889,4.2383e+06
1.94e-05,-5.3305,48.315,4.2742e+06
1.95e-05,-5.2379,48.744,4.3109e+06
1.96e-05,-5.1453,49.177,4.3484e+06
1.97e-05,-5.0527,49.614,4.3866e+06
1.98e-05,-4.9601,50.054,4.4256e+06
1.99e-05,-4.8675,50.499,4.4654e+06
2e-05,-4.7749,50.948,4.506e+06
2.01e-05,-4.6823,51.4,4.5474e+06
2.02e-05,-4.5897,51.857,4.5898e+06
2.03e-05,-4.4971,52.318,4.6329e+06
2.04e-05,-4.4045,52.784,4.677e+06
2.05e-05,-4.3119,53.254,4.722e+06
2.06e-05,-4.2192,53.728,4.7679e+06
2.07e-05,-4.1266,54.207,4.8147e+06
2.08e-05,-4.034,54.691,4.8625e+06
2.09e-05,-3.9414,55.18,4.9113e+06
2.1e-05,-3.8488,55.673,4.9611e+06
2.11e-05,-3.7562,56.172,5.0118e+06
2.12e-05,-3.6636,56.676,5.0635e+06
2.13e-05,-3.571,57.185,5.1163e+06
2.14e-05,-3.4784,57.699,5.1701e+06
2.15e-05,-3.3858,58.219,5.225e+06
2.16e-05,-3.2932,58.744,5.2808e+06
2.17e-05,-3.2006,59.275,5.3378e+06
2.18e-05,-3.1079,59.812,5.3958e+06
2.19e-05,-3.0153,60.354,5.4549e+06
2.2e-05,-2.9227,60.903,5.5151e+06
2.21e-05,-2.8301,61.457,5.5763e+06
2.22e-05,-2.7375,62.018,5.6386e+06
2.23e-05,-2.6449,62.585,5.702e+06
2.24e-05,-2.5523,63.159,5.7664e+06
2.25e-05,-2.4597,63.739,5.832e+06
2.26e-05,-2.3671,64.325,5.8985e+06
2.27e-05,-2.2745,64.918,5.9662e+06
2.28e-05,-2.1819,65.518,6.0348e+06
2.29e-05,-2.0893,66.125,6.1045e+06
2.3e-05,-1.9967,66.739,6.1752e+06
2.31e-05,-1.904,67.36,6.2468e+06
2.32e-05,-1.8114,67.989,6.3194e+06
2.33e-05,-1.7188,68.624,6.393e+06
2.34e-05,-1.6262,69.267,6.4674e+06
2.35e-05,-1.5336,69.918,6.5427e+06
2.36e-05,-1.441,70.576,6.6188e+06
2.37e-05,-1.3484,71.242,6.6958e+06
2.38e-05,-1.2558,71.915,6.7734e+06
2.39e-05,-1.1632,72.596,6.8518e+06
2.4e-05,-1.0706,73.285,6.9308e+06
2.41e-05,-0.97797,73.983,7.0104e+06
2.42e-05,-0.88536,74.688,7.0905e+06
2.43e-05,-0.79275,75.401,7.1711e+06
2.44e-05,-0.70014,76.122,7.2522e+06
2.45e-05,-0.60754,76.851,7.3335e+06
2.46e-05,-0.51493,77.589,7.4151e+06
2.47e-05,-0.42232,78.334,7.4969e+06
2.48e-05,-0.32971,79.088,7.5787e+06
2.49e-05,-0.2371,79.85,7.6606e+06
2.5e-05,-0.1445,80.62,7.7424e+06
2.51e-05,-0.051888,81.398,7.8241e+06
2.52e-05,0.04072,82.185,7.9054e+06
2.53e-05,0.13333,82.979,7.9864e+06
2.54e-05,0.22594,83.782,8.067e+06
2.55e-05,0.31854,84.593,8.1469e+06
2.56e-05,0.41115,85.411,8.2262e+06
2.57e-05,0.50376,86.238,8.3047e+06
2.58e-05,0.59637,87.072,8.3823e+06
2.59e-05,0.68897,87.914,8.4588e+06
2.6e-05,0.78158,88.764,8.5343e+06
2.61e-05,0.87419,89.621,8.6085e+06
2.62e-05,0.9668,90.486,8.6813e+06
2.63e-05,1.0594,91.357,8.7526e+06
2.64e-05,1.152,92.236,8.8223e+06
2.65e-05,1.2446,93.122,8.8904e+06
2.66e-05,1.3372,94.014,8.9565e+06
2.67e-05,1.4298,94.913,9.0208e+06
2.68e-05,1.5224,95.818,9.083e+06
2.69e-05,1.6151,96.729,9.143e+06
2.7e-05,1.7077,97.647,9.2007e+06
2.71e-05,1.8003,98.569,9.2561e+06
2.72e-05,1.8929,99.498,9.309e+06
2.73e-05,1.9855,100.43,9.3594e+06
2.74e-05,2.0781,101.37,9.4071e+06
2.75e-05,2.1707,102.31,9.452e+06
2.76e-05,2.2633,103.26,9.4941e+06
2.77e-05,2.3559,104.21,9.5334e+06
2.78e-05,2.4485,105.17,9.5697e+06
2.79e-05,2.5411,106.12,9.6029e+06
2.8e-05,2.6337,107.09,9.6331e+06
2.81e-05,2.7263,108.05,9.6602e+06
2.82e-05,2.819,109.02,9.6841e+06
2.83e-05,2.9116,109.99,9.7048e+06
2.84e-05,3.0042,110.96,9.7224e+06
2.85e-05,3.0968,111.93,9.7367e+06
2.86e-05,3.1894,112.91,9.7478e+06
2.87e-05,3.282,113.88,9.7556e+06
2.88e-05,3.3746,114.86,9.7603e+06
2.89e-05,3.4672,115.83,9.7617e+06
2.9e-05,3.5598,116.81,9.76e+06
2.91e-05,3.6524,117.79,9.7551e+06
2.92e-05,3.745,118.76,9.7472e+06
2.93e-05,3.8376,119.73,9.7362e+06
2.94e-05,3.9303,120.71,9.7222e+06
2.95e-05,4.0229,121.68,9.7053e+06
2.96e-05,4.1155,122.65,9.6855e+06
2.97e-05,4.2081,123.62,9.663e+06
2.98e-05,4.3007,124.58,9.6377e+06
2.99e-05,4.3933,125.54,9.6098e+06
3e-05,4.4859,126.5,9.5794e+06
3.01e-05,4.5785,127.46,9.5466e+06
3.02e-05,4.6711,128.41,9.5115e+06
3.03e-05,4.7637,129.36,9.4741e+06
3.04e-05,4.8563,130.31,9.4347e+06
3.05e-05,4.9489,131.25,9.3932e+06
3.06e-05,5.0415,132.19,9.3498e+06
3.07e-05,5.1342,133.12,9.3047e+06
3.08e-05,5.2268,134.05,9.2579e+06
3.09e-05,5.3194,134.97,9.2096e+06
3.1e-05,5.412,135.89,9.1598e+06
3.11e-05,5.5046,136.8,9.1087e+06
3.12e-05,5.5972,137.71,9.0565e+06
3.13e-05,5.6898,138.61,9.0031e+06
3.14e-05,5.7824,139.51,8.9488e+06
3.15e-05,5.875,140.4,8.8936e+06
3.16e-05,5.9676,141.29,8.8377e+06
3.17e-05,6.0602,142.17,8.7812e+06
3.18e-05,6.1528,143.05,8.7242e+06
3.19e-05,6.2454,143.91,8.6667e+06
3.2e-05,6.3381,144.78,8.6089e+06
3.21e-05,6.4307,145.64,8.5509e+06
3.22e-05,6.5233,146.49,8.4928e+06
3.23e-05,6.6159,147.34,8.4346e+06
3.24e-05,6.7085,148.18,8.3765e+06
3.25e-05,6.8011,149.01,8.3185e+06
3.26e-05,6.8937,149.84,8.2607e+06
3.27e-05,6.9863,150.66,8.2033e+06
3.28e-05,7.0789,151.48,8.1462e+06
3.29e-05,7.1715,152.29,8.0895e+06
3.3e-05,7.2641,153.1,8.0333e+06
3.31e-05,7.3567,153.9,7.9777e+06
3.32e-05,7.4494,154.69,7.9227e+06
3.33e-05,7.542,155.48,7.8684e+06
3.34e-05,7.6346,156.27,7.8148e+06
3.35e-05,7.7272,157.05,7.762e+06
3.36e-05,7.8198,157.82,7.71e+06
3.37e-05,7.9124,158.59,7.6588e+06
3.38e-05,8.005,159.35,7.6085e+06
3.39e-05,8.0976,160.11,7.5591e+06
3.4e-05,8.1902,160.86,7.5107e+06
3.41e-05,8.2828,161.61,7.4632e+06
3.42e-05,8.3754,162.36,7.4168e+06
3.43e-05,8.468,163.1,7.3713e+06
3.44e-05,8.5606,163.83,7.3269e+06
3.45e-05,8.6533,164.56,7.2835e+06
3.46e-05,8.7459,165.29,7.2411e+06
3.47e-05,8.8385,166.01,7.1998e+06
3.48e-05,8.9311,166.73,7.1596e+06
3.49e-05,9.0237,167.44,7.1205e+06
3.5e-05,9.1163,168.15,7.0824e+06
3.51e-05,9.2089,168.86,7.0454e+06
3.52e-05,9.3015,169.56,7.0095e+06
3.53e-05,9.3941,170.26,6.9746e+06
3.54e-05,9.4867,170.96,6.9408e+06
3.55e-05,9.5793,171.65,6.9081e+06
3.56e-05,9.6719,172.34,6.8765e+06
3.57e-05,9.7645,173.02,6.8458e+06
3.58e-05,9.8572,173.71,6.8163e+06
3.59e-05,9.9498,174.39,6.7877e+06
3.6e-05,10.042,175.06,6.7602e+06
3.61e-05,10.135,175.74,6.7336e+06
3.62e-05,10.228,176.41,6.7081e+06
3.63e-05,10.32,177.08,6.6835e+06
3.64e-05,10.413,177.75,6.6599e+06
3.65e-05,10.505,178.41,6.6372e+06
3.66e-05,10.598,179.07,6.6155e+06
3.67e-05,10.691,179.74,6.5946e+06
3.68e-05,10.783,180.39,6.5747e+06
3.69e-05,10.876,181.05,6.5557e+06
3.7e-05,10.968,181.71,6.5375e+06
3.71e-05,11.061,182.36,6.5202e+06
3.72e-05,11.154,183.01,6.5037e+06
3.73e-05,11.246,183.66,6.488e+06
3.74e-05,11.339,184.31,6.4731e+06
3.75e-05,11.431,184.95,6.4589e+06
3.76e-05,11.524,185.6,6.4456e+06
3.77e-05,11.617,186.24,6.433e+06
3.78e-05,11.709,186.89,6.4211e+06
3.79e-05,11.802,187.53,6.4099e+06
3.8e-05,11.895,188.17,6.3994e+06
3.81e-05,11.987,188.81,6.3896e+06
3.82e-05,12.08,189.45,6.3804e+06
3.83e-05,12.172,190.08,6.3719e+06
3.84e-05,12.265,190.72,6.364e+06
3.85e-05,12.358,191.36,6.3568e+06
3.86e-05,12.45,191.99,6.3501e+06
3.87e-05,12.543,192.63,6.3439e+06
3.88e-05,12.635,193.26,6.3384e+06
3.89e-05,12.728,193.89,6.3334e+06
3.9e-05,12.821,194.53,6.3289e+06
3.91e-05,12.913,195.16,6.3249e+06
3.92e-05,13.006,195.79,6.3215e+06
3.93e-05,13.098,196.42,6.3185e+06
3.94e-05,13.191,197.06,6.316e+06
3.95e-05,13.284,197.69,6.3139e+06
3.96e-05,13.376,198.32,6.3123e+06
3.97e-05,13.469,198.95,6.3112e+06
3.98e-05,13.561,199.58,6.3104e+06
3.99e-05,13.654,200.21,6.3101e+06
4e-05,13.747,200.84,6.3102e+06
4.01e-05,13.839,201.47,6.3106e+06
4.02e-05,13.932,202.1,6.3114e+06
4.03e-05,14.025,202.74,6.3126e+06
4.04e-05,14.117,203.37,6.3141e+06
4.05e-05,14.21,204,6.316e+06
4.06e-05,14.302,204.63,6.3182e+06
4.07e-05,14.395,205.26,6.3207e+06
4.08e-05,14.488,205.89,6.3235e+06
4.09e-05,14.58,206.53,6.3266e+06
4.1e-05,14.673,207.16,6.3301e+06
4.11e-05,14.765,207.79,6.3337e+06
4.12e-05,14.858,208.43,6.3377e+06
4.13e-05,14.951,209.06,6.3419e+06
4.14e-05,15.043,209.69,6.3464e+06
4.15e-05,15.136,210.33,6.3511e+06
4.16e-05,15.228,210.97,6.3561e+06
4.17e-05,15.321,211.6,6.3613e+06
4.18e-05,15.414,212.24,6.3667e+06
4.19e-05,15.506,212.87,6.3724e+06
4.2e-05,15.599,213.51,6.3782e+06
4.21e-05,15.691,214.15,6.3843e+06
4.22e-05,15.784,214.79,6.3905e+06
4.23e-05,15.877,215.43,6.397e+06
4.24e-05,15.969,216.07,6.4036e+06
4.25e-05,16.062,216.71,6.4104e+06
4.26e-05,16.154,217.35,6.4173e+06
4.27e-05,16.247,217.99,6.4245e+06
4.28e-05,16.34,218.64,6.4318e+06
4.29e-05,16.432,219.28,6.4392e+06
4.3e-05,16.525,219.92,6.4468e+06
4.31e-05,16.618,220.57,6.4546e+06
4.32e-05,16.71,221.21,6.4625e+06
4.33e-05,16.803,221.86,6.4705e+06
4.34e-05,16.895,222.51,6.4786e+06
4.35e-05,16.988,223.16,6.4869e+06
4.36e-05,17.081,223.81,6.4953e+06
4.37e-05,17.173,224.46,6.5038e+06
4.38e-05,17.266,225.11,6.5125e+06
4.39e-05,17.358,225.76,6.5212e+06
4.4e-05,17.451,226.41,6.5301e+06
4.41e-05,17.544,227.06,6.539e+06
4.42e-05,17.636,227.72,6.5481e+06
4.43e-05,17.729,228.37,6.5572e+06
4.44e-05,17.821,229.03,6.5665e+06
4.45e-05,17.914,229.69,6.5758e+06
4.46e-05,18.007,230.34,6.5852e+06
4.47e-05,18.099,231,6.5947e+06
4.48e-05,18.192,231.66,6.6043e+06
4.49e-05,18.284,232.32,6.614e+06
4.5e-05,18.377,232.99,6.6237e+06
4.51e-05,18.47,233.65,6.6335e+06
4.52e-05,18.562,234.31,6.6434e+06
4.53e-05,18.655,234.98,6.6534e+06
4.54e-05,18.748,235.64,6.6634e+06
4.55e-05,18.84,236.31,6.6735e+06
4.56e-05,18.933,236.98,6.6836e+06
4.57e-05,19.025,237.65,6.6938e+06
4.58e-05,19.118,238.32,6.7041e+06
4.59e-05,19.211,238.99,6.7144e+06
4.6e-05,19.303,239.66,6.7247e+06
4.61e-05,19.396,240.33,6.7352e+06
4.62e-05,19.488,241.01,6.7456e+06
4.63e-05,19.581,241.68,6.7561e+06
4.64e-05,19.674,242.36,6.7667e+06
4.65e-05,19.766,243.04,6.7773e+06
4.66e-05,19.859,243.71,6.788e+06
4.67e-05,19.951,244.39,6.7987e+06
4.68e-05,20.044,245.07,6.8094e+06
4.69e-05,20.137,245.76,6.8202e+06
4.7e-05,20.229,246.44,6.831e+06
4.71e-05,20.322,247.12,6.8418e+06
4.72e-05,20.414,247.81,6.8527e+06
4.73e-05,20.507,248.49,6.8636e+06
4.74e-05,20.6,249.18,6.8746e+06
4.75e-05,20.692,249.87,6.8856e+06
4.76e-05,20.785,250.56,6.8966e+06
4.77e-05,20.877,251.25,6.9076e+06
4.78e-05,20.97,251.94,6.9187e+06
4.79e-05,21.063,252.63,6.9298e+06
4.8e-05,21.155,253.32,6.9409e+06
4.81e-05,21.248,254.02,6.952e+06
4.82e-05,21.341,254.71,6.9632e+06
4.83e-05,21.433,255.41,6.9744e+06
4.84e-05,21.526,256.11,6.9856e+06
4.85e-05,21.618,256.81,6.9969e+06
4.86e-05,21.711,257.51,7.0081e+06
4.87e-05,21.804,258.21,7.0194e+06
4.88e-05,21.896,258.91,7.0307e+06
4.89e-05,21.989,259.62,7.0421e+06
4.9e-05,22.081,260.32,7.0534e+06
4.91e-05,22.174,261.03,7.0648e+06
4.92e-05,22.267,261.73,7.0761e+06
4.93e-05,22.359,262.44,7.0875e+06
4.94e-05,22.452,263.15,7.0989e+06
4.95e-05,22.544,263.86,7.1104e+06
4.96e-05,22.637,264.57,7.1218e+06
4.97e-05,22.73,265.29,7.1333e+06
4.98e-05,22.822,266,7.1447e+06
4.99e-05,22.915,266.71,7.1562e+06
5e-05,23.007,267.23,3.2129e+06
5.01e-05,23.007,267.33,-1.2653e+06
5.02e-05,22.915,267.2,-1.2772e+06
5.03e-05,22.822,267.08,-1.2891e+06
5.04e-05,22.73,266.95,-1.301e+06
5.05e-05,22.637,266.81,-1.3129e+06
5.06e-05,22.544,266.68,-1.3248e+06
5.07e-05,22.452,266.55,-1.3367e+06
5.08e-05,22.359,266.42,-1.3486e+06
5.09e-05,22.267,266.28,-1.3605e+06
5.1e-05,22.174,266.14,-1.3724e+06
5.11e-05,22.081,266.01,-1.3843e+06
5.12e-05,21.989,265.87,-1.3962e+06
5.13e-05,21.896,265.73,-1.4081e+06
5.14e-05,21.804,265.59,-1.42e+06
5.15e-05,21.711,265.44,-1.4319e+06
5.16e-05,21.618,265.3,-1.4438e+06
5.17e-05,21.526,265.15,-1.4557e+06
5.18e-05,21.433,265.01,-1.4676e+06
5.19e-05,21.341,264.86,-1.4796e+06
5.2e-05,21.248,264.71,-1.4915e+06
5.21e-05,21.155,264.56,-1.5034e+06
5.22e-05,21.063,264.41,-1.5153e+06
5.23e-05,20.97,264.26,-1.5272e+06
5.24e-05,20.877,264.11,-1.5392e+06
5.25e-05,20.785,263.95,-1.5511e+06
5.26e-05,20.692,263.8,-1.563e+06
5.27e-05,20.6,263.64,-1.5749e+06
5.28e-05,20.507,263.48,-1.5869e+06
5.29e-05,20.414,263.32,-1.5988e+06
5.3e-05,20.322,263.16,-1.6108e+06
5.31e-05,20.229,263,-1.6227e+06
5.32e-05,20.137,262.84,-1.6347e+06
5.33e-05,20.044,262.67,-1.6466e+06
5.34e-05,19.951,262.51,-1.6586e+06
5.35e-05,19.859,262.34,-1.6705e+06
5.36e-05,19.766,262.17,-1.6825e+06
5.37e-05,19.674,262,-1.6944e+06
5.38e-05,19.581,261.83,-1.7064e+06
5.39e-05,19.488,261.66,-1.7184e+06
5.4e-05,19.396,261.49,-1.7303e+06
5.41e-05,19.303,261.32,-1.7423e+06
5.42e-05,19.211,261.14,-1.7543e+06
5.43e-05,19.118,260.97,-1.7663e+06
5.44e-05,19.025,260.79,-1.7783e+06
5.45e-05,18.933,260.61,-1.7903e+06
5.46e-05,18.84,260.43,-1.8023e+06
5.47e-05,18.748,260.25,-1.8143e+06
5.48e-05,18.655,260.07,-1.8263e+06
5.49e-05,18.562,259.88,-1.8383e+06
5.5e-05,18.47,259.7,-1.8504e+06
5.51e-05,18.377,259.51,-1.8624e+06
5.52e-05,18.284,259.33,-1.8744e+06
5.53e-05,18.192,259.14,-1.8865e+06
5.54e-05,18.099,258.95,-1.8985e+06
5.55e-05,18.007,258.76,-1.9106e+06
5.56e-05,17.914,258.57,-1.9226e+06
5.57e-05,17.821,258.37,-1.9347e+06
5.58e-05,17.729,258.18,-1.9468e+06
5.59e-05,17.636,257.99,-1.9589e+06
5.6e-05,17.544,257.79,-1.971e+06
5.61e-05,17.451,257.59,-1.9831e+06
5.62e-05,17.358,257.39,-1.9952e+06
5.63e-05,17.266,257.19,-2.0073e+06
5.64e-05,17.173,256.99,-2.0194e+06
5.65e-05,17.081,256.79,-2.0316e+06
5.66e-05,16.988,256.58,-2.0437e+06
5.67e-05,16.895,256.38,-2.0559e+06
5.68e-05,16.803,256.17,-2.068e+06
5.69e-05,16.71,255.97,-2.0802e+06
5.7e-05,16.618,255.76,-2.0924e+06
5.71e-05,16.525,255.55,-2.1046e+06
5.72e-05,16.432,255.34,-2.1168e+06
5.73e-05,16.34,255.12,-2.1291e+06
5.74e-05,16.247,254.91,-2.1413e+06
5.75e-05,16.154,254.7,-2.1536e+06
5.76e-05,16.062,254.48,-2.1658e+06
5.77e-05,15.969,254.26,-2.1781e+06
5.78e-05,15.877,254.04,-2.1904e+06
5.79e-05,15.784,253.82,-2.2027e+06
5.8e-05,15.691,253.6,-2.2151e+06
5.81e-05,15.599,253.38,-2.2274e+06
5.82e-05,15.506,253.16,-2.2398e+06
5.83e-05,15.414,252.93,-2.2522e+06
5.84e-05,15.321,252.71,-2.2646e+06
5.85e-05,15.228,252.48,-2.277e+06
5.86e-05,15.136,252.25,-2.2895e+06
5.87e-05,15.043,252.02,-2.3019e+06
5.88e-05,14.951,251.79,-2.3144e+06
5.89e-05,14.858,251.56,-2.3269e+06
5.9e-05,14.765,251.33,-2.3395e+06
5.91e-05,14.673,251.09,-2.352e+06
5.92e-05,14.58,250.86,-2.3646e+06
5.93e-05,14.488,250.62,-2.3772e+06
5.94e-05,14.395,250.38,-2.3898e+06
5.95e-05,14.302,250.14,-2.4025e+06
5.96e-05,14.21,249.9,-2.4152e+06
5.97e-05,14.117,249.66,-2.4279e+06
5.98e-05,14.025,249.41,-2.4407e+06
5.99e-05,13.932,249.17,-2.4535e+06
6e-05,13.839,248.92,-2.4663e+06
6.01e-05,13.747,248.68,-2.4791e+06
6.02e-05,13.654,248.43,-2.492e+06
6.03e-05,13.561,248.18,-2.505e+06
6.04e-05,13.469,247.93,-2.5179e+06
6.05e-05,13.376,247.67,-2.5309e+06
6.06e-05,13.284,247.42,-2.544e+06
6.07e-05,13.191,247.17,-2.5571e+06
6.08e-05,13.098,246.91,-2.5702e+06
6.09e-05,13.006,246.65,-2.5834e+06
6.1e-05,12.913,246.39,-2.5966e+06
6.11e-05,12.821,246.13,-2.6099e+06
6.12e-05,12.728,245.87,-2.6232e+06
6.13e-05,12.635,245.61,-2.6366e+06
6.14e-05,12.543,245.34,-2.65e+06
6.15e-05,12.45,245.08,-2.6635e+06
6.16e-05,12.358,244.81,-2.6771e+06
6.17e-05,12.265,244.54,-2.6907e+06
6.18e-05,12.172,244.27,-2.7043e+06
6.19e-05,12.08,244,-2.7181e+06
6.2e-05,11.987,243.73,-2.7319e+06
6.21e-05,11.895,243.46,-2.7457e+06
6.22e-05,11.802,243.18,-2.7597e+06
6.23e-05,11.709,242.9,-2.7737e+06
6.24e-05,11.617,242.63,-2.7878e+06
6.25e-05,11.524,242.35,-2.802e+06
6.26e-05,11.431,242.06,-2.8162e+06
6.27e-05,11.339,241.78,-2.8306e+06
6.28e-05,11.246,241.5,-2.845e+06
6.29e-05,11.154,241.21,-2.8595e+06
6.3e-05,11.061,240.93,-2.8741e+06
6.31e-05,10.968,240.64,-2.8889e+06
6.32e-05,10.876,240.35,-2.9037e+06
6.33e-05,10.783,240.06,-2.9186e+06
6.34e-05,10.691,239.77,-2.9336e+06
6.35e-05,10.598,239.47,-2.9488e+06
6.36e-05,10.505,239.18,-2.964e+06
6.37e-05,10.413,238.88,-2.9794e+06
6.38e-05,10.32,238.58,-2.9949e+06
6.39e-05,10.228,238.28,-3.0105e+06
6.4e-05,10.135,237.98,-3.0263e+06
6.41e-05,10.042,237.67,-3.0422e+06
6.42e-05,9.9498,237.37,-3.0582e+06
6.43e-05,9.8572,237.06,-3.0744e+06
6.44e-05,9.7645,236.75,-3.0908e+06
6.45e-05,9.6719,236.44,-3.1073e+06
6.46e-05,9.5793,236.13,-3.1239e+06
6.47e-05,9.4867,235.82,-3.1408e+06
6.48e-05,9.3941,235.5,-3.1578e+06
6.49e-05,9.3015,235.19,-3.175e+06
6.5e-05,9.2089,234.87,-3.1923e+06
6.51e-05,9.1163,234.55,-3.2099e+06
6.52e-05,9.0237,234.23,-3.2277e+06
6.53e-05,8.9311,233.9,-3.2456e+06
6.54e-05,8.8385,233.58,-3.2638e+06
6.55e-05,8.7459,233.25,-3.2822e+06
6.56e-05,8.6533,232.92,-3.3009e+06
6.57e-05,8.5606,232.59,-3.3197e+06
6.58e-05,8.468,232.26,-3.3388e+06
6.59e-05,8.3754,231.92,-3.3582e+06
6.6e-05,8.2828,231.59,-3.3778e+06
6.61e-05,8.1902,231.25,-3.3977e+06
6.62e-05,8.0976,230.91,-3.4179e+06
6.63e-05,8.005,230.56,-3.4383e+06
6.64e-05,7.9124,230.22,-3.4591e+06
6.65e-05,7.8198,229.87,-3.4801e+06
6.66e-05,7.7272,229.52,-3.5015e+06
6.67e-05,7.6346,229.17,-3.5232e+06
6.68e-05,7.542,228.82,-3.5452e+06
6.69e-05,7.4494,228.46,-3.5675e+06
6.7e-05,7.3567,228.11,-3.5902e+06
6.71e-05,7.2641,227.74,-3.6133e+06
6.72e-05,7.1715,227.38,-3.6368e+06
6.73e-05,7.0789,227.02,-3.6606e+06
6.74e-05,6.9863,226.65,-3.6849e+06
6.75e-05,6.8937,226.28,-3.7096e+06
6.76e-05,6.8011,225.91,-3.7346e+06
6.77e-05,6.7085,225.53,-3.7602e+06
6.78e-05,6.6159,225.16,-3.7862e+06
6.79e-05,6.5233,224.78,-3.8126e+06
6.8e-05,6.4307,224.39,-3.8395e+06
6.81e-05,6.3381,224.01,-3.867e+06
6.82e-05,6.2454,223.62,-3.8949e+06
6.83e-05,6.1528,223.23,-3.9234e+06
6.84e-05,6.0602,222.84,-3.9523e+06
6.85e-05,5.9676,222.44,-3.9819e+06
6.86e-05,5.875,222.04,-4.012e+06
6.87e-05,5.7824,221.64,-4.0427e+06
6.88e-05,5.6898,221.23,-4.074e+06
6.89e-05,5.5972,220.82,-4.1059e+06
6.9e-05,5.5046,220.41,-4.1384e+06
6.91e-05,5.412,219.99,-4.1716e+06
6.92e-05,5.3194,219.58,-4.2055e+06
6.93e-05,5.2268,219.15,-4.24e+06
6.94e-05,5.1342,218.73,-4.2753e+06
6.95e-05,5.0415,218.3,-4.3112e+06
6.96e-05,4.9489,217.86,-4.3479e+06
6.97e-05,4.8563,217.43,-4.3854e+06
6.98e-05,4.7637,216.99,-4.4236e+06
6.99e-05,4.6711,216.54,-4.4626e+06
7e-05,4.5785,216.1,-4.5024e+06
7.01e-05,4.4859,215.64,-4.543e+06
7.02e-05,4.3933,215.19,-4.5845e+06
7.03e-05,4.3007,214.73,-4.6268e+06
7.04e-05,4.2081,214.26,-4.67e+06
7.05e-05,4.1155,213.79,-4.714e+06
7.06e-05,4.0229,213.32,-4.759e+06
7.07e-05,3.9303,212.84,-4.8049e+06
7.08e-05,3.8376,212.36,-4.8518e+06
7.09e-05,3.745,211.87,-4.8996e+06
7.1e-05,3.6524,211.38,-4.9483e+06
7.11e-05,3.5598,210.88,-4.9981e+06
7.12e-05,3.4672,210.38,-5.0488e+06
7.13e-05,3.3746,209.87,-5.1006e+06
7.14e-05,3.282,209.36,-5.1533e+06
7.15e-05,3.1894,208.84,-5.2071e+06
7.16e-05,3.0968,208.32,-5.262e+06
7.17e-05,3.0042,207.79,-5.3179e+06
7.18e-05,2.9116,207.25,-5.3748e+06
7.19e-05,2.819,206.71,-5.4328e+06
7.2e-05,2.7263,206.17,-5.4919e+06
7.21e-05,2.6337,205.61,-5.5521e+06
7.22e-05,2.5411,205.06,-5.6133e+06
7.23e-05,2.4485,204.49,-5.6756e+06
7.24e-05,2.3559,203.92,-5.739e+06
7.25e-05,2.2633,203.34,-5.8034e+06
7.26e-05,2.1707,202.76,-5.869e+06
7.27e-05,2.0781,202.17,-5.9355e+06
7.28e-05,1.9855,201.57,-6.0032e+06
7.29e-05,1.8929,200.97,-6.0718e+06
7.3e-05,1.8003,200.36,-6.1415e+06
7.31e-05,1.7077,199.74,-6.2122e+06
7.32e-05,1.6151,199.12,-6.2838e+06
7.33e-05,1.5224,198.48,-6.3564e+06
7.34e-05,1.4298,197.84,-6.43e+06
7.35e-05,1.3372,197.2,-6.5044e+06
7.36e-05,1.2446,196.54,-6.5797e+06
7.37e-05,1.152,195.88,-6.6559e+06
7.38e-05,1.0594,195.21,-6.7328e+06
7.39e-05,0.9668,194.53,-6.8104e+06
7.4e-05,0.87419,193.85,-6.8888e+06
7.41e-05,0.78158,193.16,-6.9678e+06
7.42e-05,0.68897,192.46,-7.0474e+06
7.43e-05,0.59637,191.75,-7.1276e+06
7.44e-05,0.50376,191.03,-7.2082e+06
7.45e-05,0.41115,190.31,-7.2892e+06
7.46e-05,0.31854,189.57,-7.3705e+06
7.47e-05,0.22594,188.83,-7.4521e+06
7.48e-05,0.13333,188.08,-7.5339e+06
7.49e-05,0.04072,187.32,-7.6158e+06
7.5e-05,-0.051888,186.56,-7.6976e+06
7.51e-05,-0.1445,185.79,-7.7794e+06
7.52e-05,-0.2371,185,-7.8611e+06
7.53e-05,-0.32971,184.21,-7.9425e+06
7.54e-05,-0.42232,183.41,-8.0235e+06
7.55e-05,-0.51493,182.61,-8.104e+06
7.56e-05,-0.60754,181.79,-8.1839e+06
7.57e-05,-0.70014,180.97,-8.2632e+06
7.58e-05,-0.79275,180.14,-8.3417e+06
7.59e-05,-0.88536,179.3,-8.4193e+06
7.6e-05,-0.97797,178.46,-8.4959e+06
7.61e-05,-1.0706,177.6,-8.5713e+06
7.62e-05,-1.1632,176.74,-8.6455e+06
7.63e-05,-1.2558,175.88,-8.7183e+06
7.64e-05,-1.3484,175,-8.7896e+06
7.65e-05,-1.441,174.12,-8.8593e+06
7.66e-05,-1.5336,173.23,-8.9274e+06
7.67e-05,-1.6262,172.33,-8.9936e+06
7.68e-05,-1.7188,171.43,-9.0578e+06
7.69e-05,-1.8114,170.52,-9.12e+06
7.7e-05,-1.904,169.61,-9.18e+06
7.71e-05,-1.9967,168.68,-9.2378e+06
7.72e-05,-2.0893,167.76,-9.2931e+06
7.73e-05,-2.1819,166.83,-9.346e+06
7.74e-05,-2.2745,165.89,-9.3964e+06
7.75e-05,-2.3671,164.95,-9.4441e+06
7.76e-05,-2.4597,164,-9.489e+06
7.77e-05,-2.5523,163.05,-9.5311e+06
7.78e-05,-2.6449,162.09,-9.5704e+06
7.79e-05,-2.7375,161.14,-9.6067e+06
7.8e-05,-2.8301,160.17,-9.6399e+06
7.81e-05,-2.9227,159.21,-9.6701e+06
7.82e-05,-3.0153,158.24,-9.6972e+06
7.83e-05,-3.1079,157.27,-9.7211e+06
7.84e-05,-3.2006,156.3,-9.7418e+06
7.85e-05,-3.2932,155.32,-9.7594e+06
7.86e-05,-3.3858,154.34,-9.7737e+06
7.87e-05,-3.4784,153.37,-9.7848e+06
7.88e-05,-3.571,152.39,-9.7926e+06
7.89e-05,-3.6636,151.41,-9.7973e+06
7.9e-05,-3.7562,150.43,-9.7987e+06
7.91e-05,-3.8488,149.45,-9.797e+06
7.92e-05,-3.9414,148.47,-9.7921e+06
7.93e-05,-4.034,147.49,-9.7842e+06
7.94e-05,-4.1266,146.51,-9.7732e+06
7.95e-05,-4.2192,145.53,-9.7592e+06
7.96e-05,-4.3119,144.56,-9.7423e+06
7.97e-05,-4.4045,143.59,-9.7225e+06
7.98e-05,-4.4971,142.62,-9.7e+06
7.99e-05,-4.5897,141.65,-9.6747e+06
8e-05,-4.6823,140.68,-9.6468e+06
8.01e-05,-4.7749,139.72,-9.6165e+06
8.02e-05,-4.8675,138.76,-9.5836e+06
8.03e-05,-4.9601,137.8,-9.5485e+06
8.04e-05,-5.0527,136.85,-9.5112e+06
8.05e-05,-5.1453,135.9,-9.4717e+06
8.06e-05,-5.2379,134.95,-9.4302e+06
8.07e-05,-5.3305,134.01,-9.3869e+06
8.08e-05,-5.4231,133.08,-9.3417e+06
8.09e-05,-5.5158,132.14,-9.2949e+06
8.1e-05,-5.6084,131.22,-9.2466e+06
8.11e-05,-5.701,130.3,-9.1968e+06
8.12e-05,-5.7936,129.38,-9.1457e+06
8.13e-05,-5.8862,128.47,-9.0935e+06
8.14e-05,-5.9788,127.56,-9.0401e+06
8.15e-05,-6.0714,126.66,-8.9858e+06
8.16e-05,-6.164,125.76,-8.9307e+06
8.17e-05,-6.2566,124.87,-8.8748e+06
8.18e-05,-6.3492,123.99,-8.8182e+06
8.19e-05,-6.4418,123.11,-8.7612e+06
8.2e-05,-6.5344,122.24,-8.7037e+06
8.21e-05,-6.627,121.37,-8.6459e+06
8.22e-05,-6.7197,120.51,-8.5879e+06
8.23e-05,-6.8123,119.65,-8.5298e+06
8.24e-05,-6.9049,118.8,-8.4716e+06
8.25e-05,-6.9975,117.96,-8.4135e+06
8.26e-05,-7.0901,117.12,-8.3555e+06
8.27e-05,-7.1827,116.28,-8.2977e+06
8.28e-05,-7.2753,115.46,-8.2403e+06
8.29e-05,-7.3679,114.64,-8.1832e+06
8.3e-05,-7.4605,113.82,-8.1265e+06
8.31e-05,-7.5531,113.01,-8.0703e+06
8.32e-05,-7.6457,112.21,-8.0147e+06
8.33e-05,-7.7383,111.41,-7.9597e+06
8.34e-05,-7.831,110.61,-7.9054e+06
8.35e-05,-7.9236,109.83,-7.8518e+06
8.36e-05,-8.0162,109.04,-7.799e+06
8.37e-05,-8.1088,108.27,-7.747e+06
8.38e-05,-8.2014,107.5,-7.6958e+06
8.39e-05,-8.294,106.73,-7.6455e+06
8.4e-05,-8.3866,105.97,-7.5962e+06
8.41e-05,-8.4792,105.21,-7.5477e+06
8.42e-05,-8.5718,104.46,-7.5003e+06
8.43e-05,-8.6644,103.71,-7.4538e+06
8.44e-05,-8.757,102.97,-7.4083e+06
8.45e-05,-8.8496,102.23,-7.3639e+06
8.46e-05,-8.9422,101.49,-7.3205e+06
8.47e-05,-9.0349,100.76,-7.2781e+06
8.48e-05,-9.1275,100.04,-7.2368e+06
8.49e-05,-9.2201,99.315,-7.1966e+06
8.5e-05,-9.3127,98.598,-7.1575e+06
8.51e-05,-9.4053,97.884,-7.1194e+06
8.52e-05,-9.4979,97.174,-7.0824e+06
8.53e-05,-9.5905,96.467,-7.0465e+06
8.54e-05,-9.6831,95.764,-7.0116e+06
8.55e-05,-9.7757,95.065,-6.9778e+06
8.56e-05,-9.8683,94.369,-6.9451e+06
8.57e-05,-9.9609,93.676,-6.9135e+06
8.58e-05,-10.054,92.986,-6.8828e+06
8.59e-05,-10.146,92.299,-6.8533e+06
8.6e-05,-10.239,91.615,-6.8247e+06
8.61e-05,-10.331,90.934,-6.7972e+06
8.62e-05,-10.424,90.256,-6.7706e+06
8.63e-05,-10.517,89.58,-6.7451e+06
8.64e-05,-10.609,88.907,-6.7205e+06
8.65e-05,-10.702,88.236,-6.6969e+06
8.66e-05,-10.794,87.567,-6.6742e+06
8.67e-05,-10.887,86.901,-6.6525e+06
8.68e-05,-10.98,86.237,-6.6317e+06
8.69e-05,-11.072,85.575,-6.6117e+06
8.7e-05,-11.165,84.914,-6.5927e+06
8.71e-05,-11.257,84.256,-6.5745e+06
8.72e-05,-11.35,83.599,-6.5572e+06
8.73e-05,-11.443,82.945,-6.5407e+06
8.74e-05,-11.535,82.291,-6.525e+06
8.75e-05,-11.628,81.64,-6.5101e+06
8.76e-05,-11.72,80.989,-6.496e+06
8.77e-05,-11.813,80.34,-6.4826e+06
8.78e-05,-11.906,79.693,-6.47e+06
8.79e-05,-11.998,79.046,-6.4581e+06
8.8e-05,-12.091,78.401,-6.4469e+06
8.81e-05,-12.184,77.757,-6.4364e+06
8.82e-05,-12.276,77.114,-6.4266e+06
8.83e-05,-12.369,76.471,-6.4175e+06
8.84e-05,-12.461,75.83,-6.4089e+06
8.85e-05,-12.554,75.19,-6.401e+06
8.86e-05,-12.647,74.55,-6.3938e+06
8.87e-05,-12.739,73.911,-6.3871e+06
8.88e-05,-12.832,73.272,-6.381e+06
8.89e-05,-12.924,72.635,-6.3754e+06
8.9e-05,-13.017,71.997,-6.3704e+06
8.91e-05,-13.11,71.361,-6.3659e+06
8.92e-05,-13.202,70.724,-6.3619e+06
8.93e-05,-13.295,70.088,-6.3585e+06
8.94e-05,-13.387,69.452,-6.3555e+06
8.95e-05,-13.48,68.817,-6.353e+06
8.96e-05,-13.573,68.182,-6.351e+06
8.97e-05,-13.665,67.547,-6.3494e+06
8.98e-05,-13.758,66.912,-6.3482e+06
8.99e-05,-13.85,66.277,-6.3474e+06
9e-05,-13.943,65.642,-6.3471e+06
9.01e-05,-14.036,65.008,-6.3472e+06
9.02e-05,-14.128,64.373,-6.3476e+06
9.03e-05,-14.221,63.738,-6.3484e+06
9.04e-05,-14.314,63.103,-6.3496e+06
9.05e-05,-14.406,62.468,-6.3511e+06
9.06e-05,-14.499,61.833,-6.353e+06
9.07e-05,-14.591,61.198,-6.3552e+06
9.08e-05,-14.684,60.562,-6.3577e+06
9.09e-05,-14.777,59.926,-6.3605e+06
9.1e-05,-14.869,59.29,-6.3637e+06
9.11e-05,-14.962,58.653,-6.3671e+06
9.12e-05,-15.054,58.016,-6.3708e+06
9.13e-05,-15.147,57.379,-6.3747e+06
9.14e-05,-15.24,56.741,-6.3789e+06
9.15e-05,-15.332,56.103,-6.3834e+06
9.16e-05,-15.425,55.465,-6.3882e+06
9.17e-05,-15.517,54.826,-6.3931e+06
9.18e-05,-15.61,54.186,-6.3983e+06
9.19e-05,-15.703,53.546,-6.4037e+06
9.2e-05,-15.795,52.905,-6.4094e+06
9.21e-05,-15.888,52.264,-6.4152e+06
9.22e-05,-15.98,51.622,-6.4213e+06
9.23e-05,-16.073,50.98,-6.4275e+06
9.24e-05,-16.166,50.337,-6.434e+06
9.25e-05,-16.258,49.693,-6.4406e+06
9.26e-05,-16.351,49.049,-6.4474e+06
9.27e-05,-16.443,48.404,-6.4544e+06
9.28e-05,-16.536,47.758,-6.4615e+06
9.29e-05,-16.629,47.111,-6.4688e+06
9.3e-05,-16.721,46.464,-6.4762e+06
9.31e-05,-16.814,45.816,-6.4838e+06
9.32e-05,-16.907,45.167,-6.4916e+06
9.33e-05,-16.999,44.518,-6.4995e+06
9.34e-05,-17.092,43.867,-6.5075e+06
9.35e-05,-17.184,43.216,-6.5156e+06
9.36e-05,-17.277,42.564,-6.5239e+06
9.37e-05,-17.37,41.911,-6.5323e+06
9.38e-05,-17.462,41.258,-6.5408e+06
9.39e-05,-17.555,40.603,-6.5495e+06
9.4e-05,-17.647,39.948,-6.5582e+06
9.41e-05,-17.74,39.292,-6.5671e+06
9.42e-05,-17.833,38.634,-6.576e+06
9.43e-05,-17.925,37.976,-6.5851e+06
9.44e-05,-18.018,37.317,-6.5942e+06
9.45e-05,-18.11,36.658,-6.6035e+06
9.46e-05,-18.203,35.997,-6.6128e+06
9.47e-05,-18.296,35.335,-6.6222e+06
9.48e-05,-18.388,34.672,-6.6317e+06
9.49e-05,-18.481,34.009,-6.6413e+06
9.5e-05,-18.573,33.344,-6.651e+06
9.51e-05,-18.666,32.678,-6.6607e+06
9.52e-05,-18.759,32.012,-6.6705e+06
9.53e-05,-18.851,31.344,-6.6804e+06
9.54e-05,-18.944,30.676,-6.6904e+06
9.55e-05,-19.037,30.006,-6.7004e+06
9.56e-05,-19.129,29.336,-6.7105e+06
9.57e-05,-19.222,28.664,-6.7206e+06
9.58e-05,-19.314,27.992,-6.7308e+06
9.59e-05,-19.407,27.318,-6.7411e+06
9.6e-05,-19.5,26.643,-6.7514e+06
9.61e-05,-19.592,25.968,-6.7617e+06
9.62e-05,-19.685,25.291,-6.7722e+06
9.63e-05,-19.777,24.613,-6.7826e+06
9.64e-05,-19.87,23.934,-6.7932e+06
9.65e-05,-19.963,23.255,-6.8037e+06
9.66e-05,-20.055,22.574,-6.8143e+06
9.67e-05,-20.148,21.892,-6.825e+06
9.68e-05,-20.24,21.209,-6.8357e+06
9.69e-05,-20.333,20.525,-6.8464e+06
9.7e-05,-20.426,19.839,-6.8572e+06
9.71e-05,-20.518,19.153,-6.868e+06
9.72e-05,-20.611,18.466,-6.8788e+06
9.73e-05,-20.703,17.777,-6.8897e+06
9.74e-05,-20.796,17.088,-6.9006e+06
9.75e-05,-20.889,16.397,-6.9116e+06
9.76e-05,-20.981,15.706,-6.9226e+06
9.77e-05,-21.074,15.013,-6.9336e+06
9.78e-05,-21.166,14.319,-6.9446e+06
9.79e-05,-21.259,13.624,-6.9557e+06
9.8e-05,-21.352,12.928,-6.9668e+06
9.81e-05,-21.444,12.23,-6.9779e+06
9.82e-05,-21.537,11.532,-6.9891e+06
9.83e-05,-21.63,10.833,-7.0002e+06
9.84e-05,-21.722,10.132,-7.0114e+06
9.85e-05,-21.815,9.4304,-7.0226e+06
9.86e-05,-21.907,8.7276,-7.0339e+06
9.87e-05,-22,8.0236,-7.0452e+06
9.88e-05,-22.093,7.3185,-7.0564e+06
9.89e-05,-22.185,6.6123,-7.0677e+06
9.9e-05,-22.278,5.905,-7.0791e+06
9.91e-05,-22.37,5.1965,-7.0904e+06
9.92e-05,-22.463,4.4869,-7.1018e+06
9.93e-05,-22.556,3.7762,-7.1131e+06
9.94e-05,-22.648,3.0643,-7.1245e+06
9.95e-05,-22.741,2.3512,-7.1359e+06
9.96e-05,-22.833,1.6371,-7.1474e+06
9.97e-05,-22.926,0.92177,-7.1588e+06
9.98e-05,-23.019,0.20532,-7.1703e+06
9.99e-05,-23.111,-0.51228,-7.1817e+06
0.0001,-23.204,-1.231,-7.1932e+06
0.0001001,-23.296,-1.9509,-7.2051e+06
