0,-19.598,0,-6.5366e+05
1e-07,-19.52,-0.065079,-6.4792e+05
2e-07,-19.442,-0.12958,-6.4218e+05
3e-07,-19.364,-0.19351,-6.3643e+05
4e-07,-19.286,-0.25687,-6.3069e+05
5e-07,-19.208,-0.31965,-6.2494e+05
6e-07,-19.13,-0.38186,-6.192e+05
7e-07,-19.052,-0.44349,-6.1345e+05
8e-07,-18.974,-0.50455,-6.0771e+05
9e-07,-18.895,-0.56503,-6.0196e+05
1e-06,-18.817,-0.62494,-5.9621e+05
1.1e-06,-18.739,-0.68428,-5.9047e+05
1.2e-06,-18.661,-0.74304,-5.8472e+05
1.3e-06,-18.583,-0.80122,-5.7897e+05
1.4e-06,-18.505,-0.85883,-5.7322e+05
1.5e-06,-18.427,-0.91586,-5.6747e+05
1.6e-06,-18.349,-0.97232,-5.6172e+05
1.7e-06,-18.271,-1.0282,-5.5597e+05
1.8e-06,-18.193,-1.0835,-5.5022e+05
1.9e-06,-18.115,-1.1383,-5.4447e+05
2e-06,-18.037,-1.1924,-5.3872e+05
2.1e-06,-17.959,-1.246,-5.3296e+05
2.2e-06,-17.881,-1.299,-5.2721e+05
2.3e-06,-17.803,-1.3514,-5.2146e+05
2.4e-06,-17.725,-1.4033,-5.157e+05
2.5e-06,-17.647,-1.4546,-5.0994e+05
2.6e-06,-17.569,-1.5053,-5.0419e+05
2.7e-06,-17.491,-1.5554,-4.9843e+05
2.8e-06,-17.413,-1.605,-4.9267e+05
2.9e-06,-17.335,-1.654,-4.8691e+05
3e-06,-17.257,-1.7024,-4.8115e+05
3.1e-06,-17.179,-1.7502,-4.7539e+05
3.2e-06,-17.101,-1.7974,-4.6963e+05
3.3e-06,-17.023,-1.8441,-4.6386e+05
3.4e-06,-16.945,-1.8902,-4.581e+05
3.5e-06,-16.867,-1.9357,-4.5233e+05
3.6e-06,-16.789,-1.9807,-4.4657e+05
3.7e-06,-16.711,-2.025,-4.408e+05
3.8e-06,-16.633,-2.0688,-4.3503e+05
3.9e-06,-16.555,-2.112,-4.2926e+05
4e-06,-16.477,-2.1547,-4.2349e+05
4.1e-06,-16.399,-2.1967,-4.1771e+05
4.2e-06,-16.321,-2.2382,-4.1194e+05
4.3e-06,-16.243,-2.2791,-4.0616e+05
4.4e-06,-16.165,-2.3195,-4.0038e+05
4.5e-06,-16.086,-2.3592,-3.946e+05
4.6e-06,-16.008,-2.3984,-3.8882e+05
4.7e-06,-15.93,-2.437,-3.8303e+05
4.8e-06,-15.852,-2.475,-3.7725e+05
4.9e-06,-15.774,-2.5124,-3.7146e+05
5e-06,-15.696,-2.5493,-3.6567e+05
5.1e-06,-15.618,-2.5856,-3.5988e+05
5.2e-06,-15.54,-2.6213,-3.5408e+05
5.3e-06,-15.462,-2.6564,-3.4829e+05
5.4e-06,-15.384,-2.6909,-3.4249e+05
5.5e-06,-15.306,-2.7249,-3.3669e+05
5.6e-06,-15.228,-2.7582,-3.3088e+05
5.7e-06,-15.15,-2.791,-3.2508e+05
5.8e-06,-15.072,-2.8233,-3.1927e+05
5.9e-06,-14.994,-2.8549,-3.1345e+05
6e-06,-14.916,-2.8859,-3.0764e+05
6.1e-06,-14.838,-2.9164,-3.0182e+05
6.2e-06,-14.76,-2.9463,-2.96e+05
6.3e-06,-14.682,-2.9756,-2.9017e+05
6.4e-06,-14.604,-3.0043,-2.8434e+05
6.5e-06,-14.526,-3.0325,-2.7851e+05
6.6e-06,-14.448,-3.06,-2.7267e+05
6.7e-06,-14.37,-3.087,-2.6683e+05
6.8e-06,-14.292,-3.1134,-2.6099e+05
6.9e-06,-14.214,-3.1392,-2.5514e+05
7e-06,-14.136,-3.1644,-2.4928e+05
7.1e-06,-14.058,-3.1891,-2.4343e+05
7.2e-06,-13.98,-3.2131,-2.3756e+05
7.3e-06,-13.902,-3.2366,-2.3169e+05
7.4e-06,-13.824,-3.2595,-2.2582e+05
7.5e-06,-13.746,-3.2818,-2.1994e+05
7.6e-06,-13.668,-3.3035,-2.1406e+05
7.7e-06,-13.59,-3.3246,-2.0817e+05
7.8e-06,-13.512,-3.3451,-2.0227e+05
7.9e-06,-13.434,-3.365,-1.9637e+05
8e-06,-13.356,-3.3844,-1.9046e+05
8.1e-06,-13.278,-3.4031,-1.8454e+05
8.2e-06,-13.199,-3.4213,-1.7862e+05
8.3e-06,-13.121,-3.4388,-1.7269e+05
8.4e-06,-13.043,-3.4558,-1.6675e+05
8.5e-06,-12.965,-3.4722,-1.6081e+05
8.6e-06,-12.887,-3.488,-1.5485e+05
8.7e-06,-12.809,-3.5032,-1.4889e+05
8.8e-06,-12.731,-3.5177,-1.4292e+05
8.9e-06,-12.653,-3.5317,-1.3694e+05
9e-06,-12.575,-3.5451,-1.3095e+05
9.1e-06,-12.497,-3.5579,-1.2494e+05
9.2e-06,-12.419,-3.5701,-1.1893e+05
9.3e-06,-12.341,-3.5817,-1.1291e+05
9.4e-06,-12.263,-3.5927,-1.0688e+05
9.5e-06,-12.185,-3.6031,-1.0083e+05
9.6e-06,-12.107,-3.6129,-94777
9.7e-06,-12.029,-3.622,-88708
9.8e-06,-11.951,-3.6306,-82625
9.9e-06,-11.873,-3.6386,-76529
1e-05,-11.795,-3.6459,-70419
1.01e-05,-11.717,-3.6526,-64294
1.02e-05,-11.639,-3.6588,-58153
1.03e-05,-11.561,-3.6643,-51997
1.04e-05,-11.483,-3.6692,-45825
1.05e-05,-11.405,-3.6734,-39635
1.06e-05,-11.327,-3.6771,-33428
1.07e-05,-11.249,-3.6801,-27202
1.08e-05,-11.171,-3.6825,-20957
1.09e-05,-11.093,-3.6843,-14692
1.1e-05,-11.015,-3.6855,-8405.9
1.11e-05,-10.937,-3.686,-2098.6
1.12e-05,-10.859,-3.6859,4231.1
1.13e-05,-10.781,-3.6852,10584
1.14e-05,-10.703,-3.6838,16961
1.15e-05,-10.625,-3.6818,23363
1.16e-05,-10.547,-3.6791,29791
1.17e-05,-10.469,-3.6758,36247
1.18e-05,-10.391,-3.6718,42730
1.19e-05,-10.312,-3.6672,49243
1.2e-05,-10.234,-3.662,55786
1.21e-05,-10.156,-3.6561,62360
1.22e-05,-10.078,-3.6495,68968
1.23e-05,-10,-3.6423,75609
1.24e-05,-9.9224,-3.6344,82286
1.25e-05,-9.8443,-3.6258,88999
1.26e-05,-9.7663,-3.6166,95751
1.27e-05,-9.6883,-3.6067,1.0254e+05
1.28e-05,-9.6102,-3.5961,1.0937e+05
1.29e-05,-9.5322,-3.5848,1.1625e+05
1.3e-05,-9.4542,-3.5728,1.2317e+05
1.31e-05,-9.3762,-3.5602,1.3014e+05
1.32e-05,-9.2981,-3.5468,1.3715e+05
1.33e-05,-9.2201,-3.5327,1.4421e+05
1.34e-05,-9.1421,-3.518,1.5133e+05
1.35e-05,-9.0641,-3.5025,1.585e+05
1.36e-05,-8.986,-3.4863,1.6572e+05
1.37e-05,-8.908,-3.4693,1.73e+05
1.38e-05,-8.83,-3.4517,1.8035e+05
1.39e-05,-8.752,-3.4333,1.8775e+05
1.4e-05,-8.6739,-3.4141,1.9522e+05
1.41e-05,-8.5959,-3.3942,2.0276e+05
1.42e-05,-8.5179,-3.3735,2.1037e+05
1.43e-05,-8.4398,-3.3521,2.1805e+05
1.44e-05,-8.3618,-3.3299,2.2581e+05
1.45e-05,-8.2838,-3.307,2.3364e+05
1.46e-05,-8.2058,-3.2832,2.4156e+05
1.47e-05,-8.1277,-3.2586,2.4956e+05
1.48e-05,-8.0497,-3.2333,2.5765e+05
1.49e-05,-7.9717,-3.2071,2.6583e+05
1.5e-05,-7.8937,-3.1801,2.741e+05
1.51e-05,-7.8156,-3.1523,2.8248e+05
1.52e-05,-7.7376,-3.1236,2.9095e+05
1.53e-05,-7.6596,-3.0941,2.9953e+05
1.54e-05,-7.5815,-3.0637,3.0822e+05
1.55e-05,-7.5035,-3.0324,3.1703e+05
1.56e-05,-7.4255,-3.0003,3.2595e+05
1.57e-05,-7.3475,-2.9672,3.35e+05
1.58e-05,-7.2694,-2.9333,3.4417e+05
1.59e-05,-7.1914,-2.8984,3.5348e+05
1.6e-05,-7.1134,-2.8626,3.6293e+05
1.61e-05,-7.0354,-2.8258,3.7251e+05
1.62e-05,-6.9573,-2.7881,3.8225e+05
1.63e-05,-6.8793,-2.7493,3.9214e+05
1.64e-05,-6.8013,-2.7096,4.0219e+05
1.65e-05,-6.7232,-2.6689,4.1241e+05
1.66e-05,-6.6452,-2.6271,4.2279e+05
1.67e-05,-6.5672,-2.5843,4.3336e+05
1.68e-05,-6.4892,-2.5405,4.4411e+05
1.69e-05,-6.4111,-2.4955,4.5505e+05
1.7e-05,-6.3331,-2.4494,4.6619e+05
1.71e-05,-6.2551,-2.4023,4.7754e+05
1.72e-05,-6.1771,-2.3539,4.891e+05
1.73e-05,-6.099,-2.3044,5.0088e+05
1.74e-05,-6.021,-2.2537,5.129e+05
1.75e-05,-5.943,-2.2018,5.2515e+05
1.76e-05,-5.8649,-2.1487,5.3765e+05
1.77e-05,-5.7869,-2.0943,5.504e+05
1.78e-05,-5.7089,-2.0386,5.6343e+05
1.79e-05,-5.6309,-1.9816,5.7672e+05
1.8e-05,-5.5528,-1.9232,5.9031e+05
1.81e-05,-5.4748,-1.8635,6.0419e+05
1.82e-05,-5.3968,-1.8024,6.1837e+05
1.83e-05,-5.3188,-1.7398,6.3288e+05
1.84e-05,-5.2407,-1.6758,6.4771e+05
1.85e-05,-5.1627,-1.6103,6.6288e+05
1.86e-05,-5.0847,-1.5432,6.7841e+05
1.87e-05,-5.0066,-1.4746,6.943e+05
1.88e-05,-4.9286,-1.4043,7.1057e+05
1.89e-05,-4.8506,-1.3324,7.2723e+05
1.9e-05,-4.7726,-1.2589,7.443e+05
1.91e-05,-4.6945,-1.1836,7.6179e+05
1.92e-05,-4.6165,-1.1065,7.7971e+05
1.93e-05,-4.5385,-1.0276,7.9808e+05
1.94e-05,-4.4605,-0.94684,8.1691e+05
1.95e-05,-4.3824,-0.86418,8.3623e+05
1.96e-05,-4.3044,-0.77957,8.5604e+05
1.97e-05,-4.2264,-0.69295,8.7637e+05
1.98e-05,-4.1484,-0.60427,8.9722e+05
1.99e-05,-4.0703,-0.51348,9.1862e+05
2e-05,-3.9923,-0.42052,9.4059e+05
2.01e-05,-3.9143,-0.32533,9.6315e+05
2.02e-05,-3.8362,-0.22785,9.8631e+05
2.03e-05,-3.7582,-0.12804,1.0101e+06
2.04e-05,-3.6802,-0.025805,1.0345e+06
2.05e-05,-3.6022,0.078901,1.0596e+06
2.06e-05,-3.5241,0.18615,1.0854e+06
2.07e-05,-3.4461,0.29601,1.1119e+06
2.08e-05,-3.3681,0.40856,1.1391e+06
2.09e-05,-3.2901,0.52386,1.167e+06
2.1e-05,-3.212,0.642,1.1957e+06
2.11e-05,-3.134,0.76305,1.2253e+06
2.12e-05,-3.056,0.88709,1.2556e+06
2.13e-05,-2.9779,1.0142,1.2868e+06
2.14e-05,-2.8999,1.1445,1.3188e+06
2.15e-05,-2.8219,1.278,1.3518e+06
2.16e-05,-2.7439,1.4149,1.3856e+06
2.17e-05,-2.6658,1.5552,1.4204e+06
2.18e-05,-2.5878,1.699,1.4562e+06
2.19e-05,-2.5098,1.8465,1.4929e+06
2.2e-05,-2.4318,1.9976,1.5306e+06
2.21e-05,-2.3537,2.1527,1.5694e+06
2.22e-05,-2.2757,2.3116,1.6093e+06
2.23e-05,-2.1977,2.4746,1.6502e+06
2.24e-05,-2.1196,2.6417,1.6923e+06
2.25e-05,-2.0416,2.8131,1.7355e+06
2.26e-05,-1.9636,2.9888,1.7799e+06
2.27e-05,-1.8856,3.1691,1.8254e+06
2.28e-05,-1.8075,3.354,1.8722e+06
2.29e-05,-1.7295,3.5436,1.9202e+06
2.3e-05,-1.6515,3.7381,1.9694e+06
2.31e-05,-1.5735,3.9376,2.0199e+06
2.32e-05,-1.4954,4.1421,2.0718e+06
2.33e-05,-1.4174,4.352,2.1249e+06
2.34e-05,-1.3394,4.5672,2.1794e+06
2.35e-05,-1.2613,4.7879,2.2352e+06
2.36e-05,-1.1833,5.0143,2.2924e+06
2.37e-05,-1.1053,5.2465,2.351e+06
2.38e-05,-1.0273,5.4846,2.411e+06
2.39e-05,-0.94924,5.7288,2.4724e+06
2.4e-05,-0.87121,5.9791,2.5353e+06
2.41e-05,-0.79318,6.2359,2.5995e+06
2.42e-05,-0.71516,6.4991,2.6652e+06
2.43e-05,-0.63713,6.769,2.7323e+06
2.44e-05,-0.5591,7.0457,2.8009e+06
2.45e-05,-0.48108,7.3292,2.8708e+06
2.46e-05,-0.40305,7.6199,2.9422e+06
2.47e-05,-0.32502,7.9178,3.015e+06
2.48e-05,-0.247,8.223,3.0892e+06
2.49e-05,-0.16897,8.5357,3.1648e+06
2.5e-05,-0.090941,8.856,3.2417e+06
2.51e-05,-0.012914,9.1841,3.3199e+06
2.52e-05,0.065113,9.52,3.3995e+06
2.53e-05,0.14314,9.864,3.4803e+06
2.54e-05,0.22117,10.216,3.5623e+06
2.55e-05,0.29919,10.577,3.6455e+06
2.56e-05,0.37722,10.945,3.7298e+06
2.57e-05,0.45525,11.323,3.8152e+06
2.58e-05,0.53328,11.708,3.9016e+06
2.59e-05,0.6113,12.103,3.9889e+06
2.6e-05,0.68933,12.506,4.0771e+06
2.61e-05,0.76736,12.918,4.1661e+06
2.62e-05,0.84538,13.339,4.2557e+06
2.63e-05,0.92341,13.77,4.346e+06
2.64e-05,1.0014,14.209,4.4368e+06
2.65e-05,1.0795,14.657,4.528e+06
2.66e-05,1.1575,15.114,4.6195e+06
2.67e-05,1.2355,15.581,4.7112e+06
2.68e-05,1.3135,16.057,4.803e+06
2.69e-05,1.3916,16.541,4.8946e+06
2.7e-05,1.4696,17.035,4.9861e+06
2.71e-05,1.5476,17.539,5.0773e+06
2.72e-05,1.6257,18.051,5.1679e+06
2.73e-05,1.7037,18.572,5.258e+06
2.74e-05,1.7817,19.102,5.3473e+06
2.75e-05,1.8597,19.642,5.4356e+06
2.76e-05,1.9378,20.19,5.5228e+06
2.77e-05,2.0158,20.746,5.6088e+06
2.78e-05,2.0938,21.311,5.6934e+06
2.79e-05,2.1718,21.885,5.7763e+06
2.8e-05,2.2499,22.466,5.8575e+06
2.81e-05,2.3279,23.056,5.9368e+06
2.82e-05,2.4059,23.654,6.014e+06
2.83e-05,2.484,24.259,6.089e+06
2.84e-05,2.562,24.871,6.1615e+06
2.85e-05,2.64,25.491,6.2314e+06
2.86e-05,2.718,26.117,6.2986e+06
2.87e-05,2.7961,26.751,6.3628e+06
2.88e-05,2.8741,27.39,6.4241e+06
2.89e-05,2.9521,28.035,6.4821e+06
2.9e-05,3.0301,28.686,6.5367e+06
2.91e-05,3.1082,29.342,6.5879e+06
2.92e-05,3.1862,30.004,6.6355e+06
2.93e-05,3.2642,30.669,6.6793e+06
2.94e-05,3.3423,31.339,6.7194e+06
2.95e-05,3.4203,32.013,6.7555e+06
2.96e-05,3.4983,32.69,6.7876e+06
2.97e-05,3.5763,33.37,6.8156e+06
2.98e-05,3.6544,34.053,6.8395e+06
2.99e-05,3.7324,34.738,6.8591e+06
3e-05,3.8104,35.425,6.8745e+06
3.01e-05,3.8884,36.113,6.8857e+06
3.02e-05,3.9665,36.802,6.8925e+06
3.03e-05,4.0445,37.491,6.8951e+06
3.04e-05,4.1225,38.18,6.8933e+06
3.05e-05,4.2006,38.869,6.8873e+06
3.06e-05,4.2786,39.558,6.8771e+06
3.07e-05,4.3566,40.245,6.8627e+06
3.08e-05,4.4346,40.93,6.8442e+06
3.09e-05,4.5127,41.613,6.8216e+06
3.1e-05,4.5907,42.294,6.7951e+06
3.11e-05,4.6687,42.972,6.7647e+06
3.12e-05,4.7467,43.647,6.7305e+06
3.13e-05,4.8248,44.318,6.6926e+06
3.14e-05,4.9028,44.985,6.6512e+06
3.15e-05,4.9808,45.648,6.6064e+06
3.16e-05,5.0588,46.306,6.5583e+06
3.17e-05,5.1369,46.96,6.5071e+06
3.18e-05,5.2149,47.608,6.4529e+06
3.19e-05,5.2929,48.25,6.3958e+06
3.2e-05,5.371,48.887,6.3361e+06
3.21e-05,5.449,49.517,6.2739e+06
3.22e-05,5.527,50.141,6.2093e+06
3.23e-05,5.605,50.759,6.1425e+06
3.24e-05,5.6831,51.37,6.0738e+06
3.25e-05,5.7611,51.973,6.0031e+06
3.26e-05,5.8391,52.57,5.9309e+06
3.27e-05,5.9171,53.16,5.8571e+06
3.28e-05,5.9952,53.742,5.7819e+06
3.29e-05,6.0732,54.316,5.7056e+06
3.3e-05,6.1512,54.883,5.6283e+06
3.31e-05,6.2293,55.442,5.5501e+06
3.32e-05,6.3073,55.993,5.4712e+06
3.33e-05,6.3853,56.536,5.3918e+06
3.34e-05,6.4633,57.071,5.3119e+06
3.35e-05,6.5414,57.598,5.2318e+06
3.36e-05,6.6194,58.117,5.1515e+06
3.37e-05,6.6974,58.628,5.0712e+06
3.38e-05,6.7754,59.132,4.9911e+06
3.39e-05,6.8535,59.627,4.9112e+06
3.4e-05,6.9315,60.114,4.8316e+06
3.41e-05,7.0095,60.593,4.7526e+06
3.42e-05,7.0876,61.064,4.674e+06
3.43e-05,7.1656,61.528,4.5961e+06
3.44e-05,7.2436,61.984,4.519e+06
3.45e-05,7.3216,62.432,4.4427e+06
3.46e-05,7.3997,62.872,4.3673e+06
3.47e-05,7.4777,63.305,4.2928e+06
3.48e-05,7.5557,63.731,4.2194e+06
3.49e-05,7.6337,64.149,4.1471e+06
3.5e-05,7.7118,64.56,4.0759e+06
3.51e-05,7.7898,64.964,4.006e+06
3.52e-05,7.8678,65.362,3.9372e+06
3.53e-05,7.9459,65.752,3.8698e+06
3.54e-05,8.0239,66.136,3.8037e+06
3.55e-05,8.1019,66.513,3.7389e+06
3.56e-05,8.1799,66.883,3.6754e+06
3.57e-05,8.258,67.248,3.6134e+06
3.58e-05,8.336,67.606,3.5527e+06
3.59e-05,8.414,67.958,3.4935e+06
3.6e-05,8.492,68.305,3.4357e+06
3.61e-05,8.5701,68.646,3.3793e+06
3.62e-05,8.6481,68.981,3.3243e+06
3.63e-05,8.7261,69.311,3.2708e+06
3.64e-05,8.8042,69.635,3.2187e+06
3.65e-05,8.8822,69.954,3.1681e+06
3.66e-05,8.9602,70.269,3.1188e+06
3.67e-05,9.0382,70.578,3.071e+06
3.68e-05,9.1163,70.883,3.0245e+06
3.69e-05,9.1943,71.183,2.9794e+06
3.7e-05,9.2723,71.479,2.9357e+06
3.71e-05,9.3503,71.77,2.8933e+06
3.72e-05,9.4284,72.058,2.8523e+06
3.73e-05,9.5064,72.341,2.8126e+06
3.74e-05,9.5844,72.62,2.7741e+06
3.75e-05,9.6624,72.896,2.737e+06
3.76e-05,9.7405,73.168,2.701e+06
3.77e-05,9.8185,73.436,2.6663e+06
3.78e-05,9.8965,73.701,2.6328e+06
3.79e-05,9.9746,73.963,2.6005e+06
3.8e-05,10.053,74.221,2.5693e+06
3.81e-05,10.131,74.477,2.5393e+06
3.82e-05,10.209,74.729,2.5103e+06
3.83e-05,10.287,74.979,2.4824e+06
3.84e-05,10.365,75.226,2.4556e+06
3.85e-05,10.443,75.47,2.4298e+06
3.86e-05,10.521,75.712,2.405e+06
3.87e-05,10.599,75.951,2.3812e+06
3.88e-05,10.677,76.188,2.3584e+06
3.89e-05,10.755,76.423,2.3364e+06
3.9e-05,10.833,76.655,2.3154e+06
3.91e-05,10.911,76.886,2.2952e+06
3.92e-05,10.989,77.114,2.2759e+06
3.93e-05,11.067,77.341,2.2575e+06
3.94e-05,11.145,77.566,2.2398e+06
3.95e-05,11.223,77.789,2.2229e+06
3.96e-05,11.301,78.011,2.2068e+06
3.97e-05,11.379,78.23,2.1914e+06
3.98e-05,11.457,78.449,2.1768e+06
3.99e-05,11.535,78.666,2.1628e+06
4e-05,11.613,78.881,2.1495e+06
4.01e-05,11.691,79.096,2.1368e+06
4.02e-05,11.769,79.309,2.1248e+06
4.03e-05,11.847,79.521,2.1134e+06
4.04e-05,11.925,79.732,2.1026e+06
4.05e-05,12.003,79.941,2.0924e+06
4.06e-05,12.081,80.15,2.0827e+06
4.07e-05,12.159,80.358,2.0736e+06
4.08e-05,12.237,80.565,2.065e+06
4.09e-05,12.315,80.771,2.0569e+06
4.1e-05,12.393,80.976,2.0493e+06
4.11e-05,12.471,81.181,2.0422e+06
4.12e-05,12.549,81.385,2.0355e+06
4.13e-05,12.627,81.588,2.0292e+06
4.14e-05,12.706,81.791,2.0234e+06
4.15e-05,12.784,81.993,2.018e+06
4.16e-05,12.862,82.194,2.013e+06
4.17e-05,12.94,82.395,2.0084e+06
4.18e-05,13.018,82.596,2.0042e+06
4.19e-05,13.096,82.796,2.0003e+06
4.2e-05,13.174,82.996,1.9967e+06
4.21e-05,13.252,83.195,1.9935e+06
4.22e-05,13.33,83.395,1.9907e+06
4.23e-05,13.408,83.594,1.9881e+06
4.24e-05,13.486,83.792,1.9858e+06
4.25e-05,13.564,83.991,1.9838e+06
4.26e-05,13.642,84.189,1.9822e+06
4.27e-05,13.72,84.387,1.9807e+06
4.28e-05,13.798,84.585,1.9796e+06
4.29e-05,13.876,84.783,1.9787e+06
4.3e-05,13.954,84.981,1.978e+06
4.31e-05,14.032,85.179,1.9776e+06
4.32e-05,14.11,85.377,1.9774e+06
4.33e-05,14.188,85.574,1.9774e+06
4.34e-05,14.266,85.772,1.9776e+06
4.35e-05,14.344,85.97,1.978e+06
4.36e-05,14.422,86.168,1.9786e+06
4.37e-05,14.5,86.366,1.9794e+06
4.38e-05,14.578,86.564,1.9804e+06
4.39e-05,14.656,86.762,1.9816e+06
4.4e-05,14.734,86.96,1.9829e+06
4.41e-05,14.812,87.158,1.9844e+06
4.42e-05,14.89,87.357,1.9861e+06
4.43e-05,14.968,87.555,1.9879e+06
4.44e-05,15.046,87.754,1.9899e+06
4.45e-05,15.124,87.953,1.9919e+06
4.46e-05,15.202,88.153,1.9942e+06
4.47e-05,15.28,88.352,1.9965e+06
4.48e-05,15.358,88.552,1.999e+06
4.49e-05,15.436,88.752,2.0016e+06
4.5e-05,15.514,88.952,2.0043e+06
4.51e-05,15.593,89.153,2.0072e+06
4.52e-05,15.671,89.354,2.0101e+06
4.53e-05,15.749,89.555,2.0132e+06
4.54e-05,15.827,89.756,2.0163e+06
4.55e-05,15.905,89.958,2.0195e+06
4.56e-05,15.983,90.16,2.0229e+06
4.57e-05,16.061,90.363,2.0263e+06
4.58e-05,16.139,90.566,2.0298e+06
4.59e-05,16.217,90.769,2.0334e+06
4.6e-05,16.295,90.972,2.0371e+06
4.61e-05,16.373,91.176,2.0408e+06
4.62e-05,16.451,91.38,2.0446e+06
4.63e-05,16.529,91.585,2.0485e+06
4.64e-05,16.607,91.79,2.0525e+06
4.65e-05,16.685,91.996,2.0565e+06
4.66e-05,16.763,92.201,2.0606e+06
4.67e-05,16.841,92.408,2.0648e+06
4.68e-05,16.919,92.614,2.069e+06
4.69e-05,16.997,92.822,2.0733e+06
4.7e-05,17.075,93.029,2.0776e+06
4.71e-05,17.153,93.237,2.082e+06
4.72e-05,17.231,93.446,2.0864e+06
4.73e-05,17.309,93.654,2.0909e+06
4.74e-05,17.387,93.864,2.0954e+06
4.75e-05,17.465,94.073,2.1e+06
4.76e-05,17.543,94.284,2.1046e+06
4.77e-05,17.621,94.494,2.1093e+06
4.78e-05,17.699,94.706,2.114e+06
4.79e-05,17.777,94.917,2.1187e+06
4.8e-05,17.855,95.129,2.1235e+06
4.81e-05,17.933,95.342,2.1283e+06
4.82e-05,18.011,95.555,2.1331e+06
4.83e-05,18.089,95.769,2.138e+06
4.84e-05,18.167,95.983,2.1429e+06
4.85e-05,18.245,96.197,2.1479e+06
4.86e-05,18.323,96.412,2.1528e+06
4.87e-05,18.401,96.628,2.1578e+06
4.88e-05,18.48,96.844,2.1629e+06
4.89e-05,18.558,97.06,2.1679e+06
4.9e-05,18.636,97.277,2.173e+06
4.91e-05,18.714,97.495,2.1781e+06
4.92e-05,18.792,97.713,2.1832e+06
4.93e-05,18.87,97.931,2.1884e+06
4.94e-05,18.948,98.151,2.1936e+06
4.95e-05,19.026,98.37,2.1987e+06
4.96e-05,19.104,98.59,2.204e+06
4.97e-05,19.182,98.811,2.2092e+06
4.98e-05,19.26,99.032,2.2144e+06
4.99e-05,19.338,99.254,2.2197e+06
5e-05,19.416,99.451,1.7242e+06
5.01e-05,19.416,99.569,6.403e+05
5.02e-05,19.338,99.633,6.3455e+05
5.03e-05,19.26,99.696,6.2881e+05
5.04e-05,19.182,99.759,6.2306e+05
5.05e-05,19.104,99.821,6.1732e+05
5.06e-05,19.026,99.882,6.1158e+05
5.07e-05,18.948,99.943,6.0583e+05
5.08e-05,18.87,100,6.0008e+05
5.09e-05,18.792,100.06,5.9434e+05
5.1e-05,18.714,100.12,5.8859e+05
5.11e-05,18.636,100.18,5.8285e+05
5.12e-05,18.558,100.24,5.771e+05
5.13e-05,18.48,100.3,5.7135e+05
5.14e-05,18.401,100.35,5.656e+05
5.15e-05,18.323,100.41,5.5985e+05
5.16e-05,18.245,100.47,5.541e+05
5.17e-05,18.167,100.52,5.4835e+05
5.18e-05,18.089,100.57,5.426e+05
5.19e-05,18.011,100.63,5.3685e+05
5.2e-05,17.933,100.68,5.311e+05
5.21e-05,17.855,100.73,5.2535e+05
5.22e-05,17.777,100.79,5.196e+05
5.23e-05,17.699,100.84,5.1384e+05
5.24e-05,17.621,100.89,5.0809e+05
5.25e-05,17.543,100.94,5.0233e+05
5.26e-05,17.465,100.99,4.9658e+05
5.27e-05,17.387,101.04,4.9082e+05
5.28e-05,17.309,101.09,4.8506e+05
5.29e-05,17.231,101.14,4.793e+05
5.3e-05,17.153,101.18,4.7354e+05
5.31e-05,17.075,101.23,4.6778e+05
5.32e-05,16.997,101.28,4.6202e+05
5.33e-05,16.919,101.32,4.5626e+05
5.34e-05,16.841,101.37,4.505e+05
5.35e-05,16.763,101.41,4.4473e+05
5.36e-05,16.685,101.46,4.3897e+05
5.37e-05,16.607,101.5,4.332e+05
5.38e-05,16.529,101.54,4.2743e+05
5.39e-05,16.451,101.59,4.2166e+05
5.4e-05,16.373,101.63,4.1589e+05
5.41e-05,16.295,101.67,4.1012e+05
5.42e-05,16.217,101.71,4.0434e+05
5.43e-05,16.139,101.75,3.9857e+05
5.44e-05,16.061,101.79,3.9279e+05
5.45e-05,15.983,101.83,3.8701e+05
5.46e-05,15.905,101.87,3.8123e+05
5.47e-05,15.827,101.91,3.7545e+05
5.48e-05,15.749,101.94,3.6967e+05
5.49e-05,15.671,101.98,3.6388e+05
5.5e-05,15.593,102.02,3.5809e+05
5.51e-05,15.514,102.05,3.523e+05
5.52e-05,15.436,102.09,3.4651e+05
5.53e-05,15.358,102.12,3.4072e+05
5.54e-05,15.28,102.15,3.3492e+05
5.55e-05,15.202,102.19,3.2912e+05
5.56e-05,15.124,102.22,3.2332e+05
5.57e-05,15.046,102.25,3.1751e+05
5.58e-05,14.968,102.28,3.1171e+05
5.59e-05,14.89,102.32,3.059e+05
5.6e-05,14.812,102.35,3.0008e+05
5.61e-05,14.734,102.38,2.9427e+05
5.62e-05,14.656,102.4,2.8845e+05
5.63e-05,14.578,102.43,2.8263e+05
5.64e-05,14.5,102.46,2.768e+05
5.65e-05,14.422,102.49,2.7097e+05
5.66e-05,14.344,102.51,2.6514e+05
5.67e-05,14.266,102.54,2.593e+05
5.68e-05,14.188,102.57,2.5346e+05
5.69e-05,14.11,102.59,2.4762e+05
5.7e-05,14.032,102.62,2.4177e+05
5.71e-05,13.954,102.64,2.3592e+05
5.72e-05,13.876,102.66,2.3006e+05
5.73e-05,13.798,102.69,2.2419e+05
5.74e-05,13.72,102.71,2.1833e+05
5.75e-05,13.642,102.73,2.1245e+05
5.76e-05,13.564,102.75,2.0657e+05
5.77e-05,13.486,102.77,2.0069e+05
5.78e-05,13.408,102.79,1.948e+05
5.79e-05,13.33,102.81,1.889e+05
5.8e-05,13.252,102.83,1.83e+05
5.81e-05,13.174,102.85,1.7709e+05
5.82e-05,13.096,102.86,1.7118e+05
5.83e-05,13.018,102.88,1.6525e+05
5.84e-05,12.94,102.9,1.5932e+05
5.85e-05,12.862,102.91,1.5338e+05
5.86e-05,12.784,102.93,1.4744e+05
5.87e-05,12.706,102.94,1.4148e+05
5.88e-05,12.627,102.96,1.3552e+05
5.89e-05,12.549,102.97,1.2955e+05
5.9e-05,12.471,102.98,1.2357e+05
5.91e-05,12.393,102.99,1.1758e+05
5.92e-05,12.315,103.01,1.1158e+05
5.93e-05,12.237,103.02,1.0557e+05
5.94e-05,12.159,103.03,99544
5.95e-05,12.081,103.04,93511
5.96e-05,12.003,103.05,87466
5.97e-05,11.925,103.05,81409
5.98e-05,11.847,103.06,75339
5.99e-05,11.769,103.07,69257
6e-05,11.691,103.08,63161
6.01e-05,11.613,103.08,57050
6.02e-05,11.535,103.09,50925
6.03e-05,11.457,103.09,44785
6.04e-05,11.379,103.1,38629
6.05e-05,11.301,103.1,32457
6.06e-05,11.223,103.1,26267
6.07e-05,11.145,103.1,20059
6.08e-05,11.067,103.11,13834
6.09e-05,10.989,103.11,7588.4
6.1e-05,10.911,103.11,1323.4
6.11e-05,10.833,103.11,-4962.4
6.12e-05,10.755,103.11,-11270
6.13e-05,10.677,103.11,-17599
6.14e-05,10.599,103.1,-23952
6.15e-05,10.521,103.1,-30329
6.16e-05,10.443,103.1,-36731
6.17e-05,10.365,103.09,-43160
6.18e-05,10.287,103.09,-49615
6.19e-05,10.209,103.08,-56098
6.2e-05,10.131,103.08,-62611
6.21e-05,10.053,103.07,-69154
6.22e-05,9.9746,103.06,-75728
6.23e-05,9.8965,103.06,-82336
6.24e-05,9.8185,103.05,-88977
6.25e-05,9.7405,103.04,-95654
6.26e-05,9.6624,103.03,-1.0237e+05
6.27e-05,9.5844,103.02,-1.0912e+05
6.28e-05,9.5064,103.01,-1.1591e+05
6.29e-05,9.4284,102.99,-1.2274e+05
6.3e-05,9.3503,102.98,-1.2962e+05
6.31e-05,9.2723,102.97,-1.3654e+05
6.32e-05,9.1943,102.95,-1.435e+05
6.33e-05,9.1163,102.94,-1.5052e+05
6.34e-05,9.0382,102.92,-1.5758e+05
6.35e-05,8.9602,102.91,-1.647e+05
6.36e-05,8.8822,102.89,-1.7187e+05
6.37e-05,8.8042,102.87,-1.7909e+05
6.38e-05,8.7261,102.86,-1.8637e+05
6.39e-05,8.6481,102.84,-1.9372e+05
6.4e-05,8.5701,102.82,-2.0112e+05
6.41e-05,8.492,102.8,-2.0859e+05
6.42e-05,8.414,102.77,-2.1613e+05
6.43e-05,8.336,102.75,-2.2374e+05
6.44e-05,8.258,102.73,-2.3142e+05
6.45e-05,8.1799,102.71,-2.3918e+05
6.46e-05,8.1019,102.68,-2.4701e+05
6.47e-05,8.0239,102.66,-2.5493e+05
6.48e-05,7.9459,102.63,-2.6293e+05
6.49e-05,7.8678,102.6,-2.7102e+05
6.5e-05,7.7898,102.58,-2.792e+05
6.51e-05,7.7118,102.55,-2.8747e+05
6.52e-05,7.6337,102.52,-2.9584e+05
6.53e-05,7.5557,102.49,-3.0432e+05
6.54e-05,7.4777,102.46,-3.129e+05
6.55e-05,7.3997,102.43,-3.2159e+05
6.56e-05,7.3216,102.39,-3.304e+05
6.57e-05,7.2436,102.36,-3.3932e+05
6.58e-05,7.1656,102.33,-3.4837e+05
6.59e-05,7.0876,102.29,-3.5754e+05
6.6e-05,7.0095,102.26,-3.6685e+05
6.61e-05,6.9315,102.22,-3.763e+05
6.62e-05,6.8535,102.18,-3.8588e+05
6.63e-05,6.7754,102.14,-3.9562e+05
6.64e-05,6.6974,102.1,-4.0551e+05
6.65e-05,6.6194,102.06,-4.1556e+05
6.66e-05,6.5414,102.02,-4.2577e+05
6.67e-05,6.4633,101.97,-4.3616e+05
6.68e-05,6.3853,101.93,-4.4673e+05
6.69e-05,6.3073,101.89,-4.5748e+05
6.7e-05,6.2293,101.84,-4.6842e+05
6.71e-05,6.1512,101.79,-4.7956e+05
6.72e-05,6.0732,101.74,-4.9091e+05
6.73e-05,5.9952,101.69,-5.0247e+05
6.74e-05,5.9171,101.64,-5.1425e+05
6.75e-05,5.8391,101.59,-5.2626e+05
6.76e-05,5.7611,101.54,-5.3852e+05
6.77e-05,5.6831,101.48,-5.5102e+05
6.78e-05,5.605,101.43,-5.6377e+05
6.79e-05,5.527,101.37,-5.7679e+05
6.8e-05,5.449,101.31,-5.9009e+05
6.81e-05,5.371,101.25,-6.0368e+05
6.82e-05,5.2929,101.19,-6.1755e+05
6.83e-05,5.2149,101.13,-6.3174e+05
6.84e-05,5.1369,101.06,-6.4624e+05
6.85e-05,5.0588,101,-6.6108e+05
6.86e-05,4.9808,100.93,-6.7625e+05
6.87e-05,4.9028,100.86,-6.9178e+05
6.88e-05,4.8248,100.79,-7.0767e+05
6.89e-05,4.7467,100.72,-7.2394e+05
6.9e-05,4.6687,100.65,-7.406e+05
6.91e-05,4.5907,100.57,-7.5767e+05
6.92e-05,4.5127,100.5,-7.7516e+05
6.93e-05,4.4346,100.42,-7.9308e+05
6.94e-05,4.3566,100.34,-8.1145e+05
6.95e-05,4.2786,100.26,-8.3028e+05
6.96e-05,4.2006,100.17,-8.496e+05
6.97e-05,4.1225,100.09,-8.6941e+05
6.98e-05,4.0445,99.999,-8.8973e+05
6.99e-05,3.9665,99.909,-9.1059e+05
7e-05,3.8884,99.817,-9.3199e+05
7.01e-05,3.8104,99.722,-9.5396e+05
7.02e-05,3.7324,99.626,-9.7652e+05
7.03e-05,3.6544,99.527,-9.9968e+05
7.04e-05,3.5763,99.426,-1.0235e+06
7.05e-05,3.4983,99.322,-1.0479e+06
7.06e-05,3.4203,99.216,-1.073e+06
7.07e-05,3.3423,99.108,-1.0987e+06
7.08e-05,3.2642,98.997,-1.1252e+06
7.09e-05,3.1862,98.883,-1.1524e+06
7.1e-05,3.1082,98.766,-1.1804e+06
7.11e-05,3.0301,98.647,-1.2091e+06
7.12e-05,2.9521,98.524,-1.2386e+06
7.13e-05,2.8741,98.399,-1.269e+06
7.14e-05,2.7961,98.27,-1.3002e+06
7.15e-05,2.718,98.139,-1.3322e+06
7.16e-05,2.64,98.004,-1.3651e+06
7.17e-05,2.562,97.866,-1.399e+06
7.18e-05,2.484,97.724,-1.4338e+06
7.19e-05,2.4059,97.579,-1.4695e+06
7.2e-05,2.3279,97.43,-1.5063e+06
7.21e-05,2.2499,97.278,-1.544e+06
7.22e-05,2.1718,97.121,-1.5828e+06
7.23e-05,2.0938,96.961,-1.6227e+06
7.24e-05,2.0158,96.797,-1.6636e+06
7.25e-05,1.9378,96.628,-1.7057e+06
7.26e-05,1.8597,96.455,-1.7489e+06
7.27e-05,1.7817,96.278,-1.7932e+06
7.28e-05,1.7037,96.097,-1.8388e+06
7.29e-05,1.6257,95.911,-1.8855e+06
7.3e-05,1.5476,95.72,-1.9335e+06
7.31e-05,1.4696,95.524,-1.9828e+06
7.32e-05,1.3916,95.323,-2.0333e+06
7.33e-05,1.3135,95.117,-2.0851e+06
7.34e-05,1.2355,94.906,-2.1383e+06
7.35e-05,1.1575,94.689,-2.1928e+06
7.36e-05,1.0795,94.467,-2.2486e+06
7.37e-05,1.0014,94.239,-2.3058e+06
7.38e-05,0.92341,94.006,-2.3644e+06
7.39e-05,0.84538,93.767,-2.4244e+06
7.4e-05,0.76736,93.521,-2.4858e+06
7.41e-05,0.68933,93.269,-2.5486e+06
7.42e-05,0.6113,93.011,-2.6129e+06
7.43e-05,0.53328,92.747,-2.6786e+06
7.44e-05,0.45525,92.475,-2.7457e+06
7.45e-05,0.37722,92.197,-2.8142e+06
7.46e-05,0.29919,91.913,-2.8842e+06
7.47e-05,0.22117,91.621,-2.9556e+06
7.48e-05,0.14314,91.321,-3.0284e+06
7.49e-05,0.065113,91.015,-3.1026e+06
7.5e-05,-0.012914,90.701,-3.1781e+06
7.51e-05,-0.090941,90.379,-3.255e+06
7.52e-05,-0.16897,90.05,-3.3333e+06
7.53e-05,-0.247,89.712,-3.4128e+06
7.54e-05,-0.32502,89.367,-3.4936e+06
7.55e-05,-0.40305,89.014,-3.5756e+06
7.56e-05,-0.48108,88.652,-3.6588e+06
7.57e-05,-0.5591,88.282,-3.7432e+06
7.58e-05,-0.63713,87.903,-3.8285e+06
7.59e-05,-0.71516,87.516,-3.9149e+06
7.6e-05,-0.79318,87.12,-4.0023e+06
7.61e-05,-0.87121,86.716,-4.0905e+06
7.62e-05,-0.94924,86.302,-4.1794e+06
7.63e-05,-1.0273,85.88,-4.2691e+06
7.64e-05,-1.1053,85.448,-4.3594e+06
7.65e-05,-1.1833,85.008,-4.4502e+06
7.66e-05,-1.2613,84.558,-4.5414e+06
7.67e-05,-1.3394,84.099,-4.6329e+06
7.68e-05,-1.4174,83.632,-4.7246e+06
7.69e-05,-1.4954,83.154,-4.8163e+06
7.7e-05,-1.5735,82.668,-4.908e+06
7.71e-05,-1.6515,82.173,-4.9995e+06
7.72e-05,-1.7295,81.668,-5.0906e+06
7.73e-05,-1.8075,81.155,-5.1813e+06
7.74e-05,-1.8856,80.632,-5.2714e+06
7.75e-05,-1.9636,80.101,-5.3606e+06
7.76e-05,-2.0416,79.56,-5.449e+06
7.77e-05,-2.1196,79.011,-5.5362e+06
7.78e-05,-2.1977,78.453,-5.6222e+06
7.79e-05,-2.2757,77.886,-5.7067e+06
7.8e-05,-2.3537,77.312,-5.7897e+06
7.81e-05,-2.4318,76.729,-5.8709e+06
7.82e-05,-2.5098,76.138,-5.9502e+06
7.83e-05,-2.5878,75.539,-6.0274e+06
7.84e-05,-2.6658,74.932,-6.1023e+06
7.85e-05,-2.7439,74.318,-6.1749e+06
7.86e-05,-2.8219,73.697,-6.2448e+06
7.87e-05,-2.8999,73.069,-6.3119e+06
7.88e-05,-2.9779,72.435,-6.3762e+06
7.89e-05,-3.056,71.794,-6.4374e+06
7.9e-05,-3.134,71.148,-6.4954e+06
7.91e-05,-3.212,70.495,-6.5501e+06
7.92e-05,-3.2901,69.838,-6.6013e+06
7.93e-05,-3.3681,69.175,-6.6488e+06
7.94e-05,-3.4461,68.508,-6.6927e+06
7.95e-05,-3.5241,67.837,-6.7327e+06
7.96e-05,-3.6022,67.162,-6.7689e+06
7.97e-05,-3.6802,66.483,-6.801e+06
7.98e-05,-3.7582,65.802,-6.829e+06
7.99e-05,-3.8362,65.118,-6.8528e+06
8e-05,-3.9143,64.432,-6.8725e+06
8.01e-05,-3.9923,63.744,-6.8879e+06
8.02e-05,-4.0703,63.054,-6.899e+06
8.03e-05,-4.1484,62.364,-6.9059e+06
8.04e-05,-4.2264,61.673,-6.9084e+06
8.05e-05,-4.3044,60.983,-6.9067e+06
8.06e-05,-4.3824,60.292,-6.9007e+06
8.07e-05,-4.4605,59.603,-6.8905e+06
8.08e-05,-4.5385,58.914,-6.8761e+06
8.09e-05,-4.6165,58.228,-6.8576e+06
8.1e-05,-4.6945,57.543,-6.835e+06
8.11e-05,-4.7726,56.861,-6.8085e+06
8.12e-05,-4.8506,56.181,-6.778e+06
8.13e-05,-4.9286,55.505,-6.7438e+06
8.14e-05,-5.0066,54.833,-6.706e+06
8.15e-05,-5.0847,54.164,-6.6646e+06
8.16e-05,-5.1627,53.5,-6.6198e+06
8.17e-05,-5.2407,52.841,-6.5717e+06
8.18e-05,-5.3188,52.186,-6.5204e+06
8.19e-05,-5.3968,51.537,-6.4662e+06
8.2e-05,-5.4748,50.893,-6.4092e+06
8.21e-05,-5.5528,50.255,-6.3495e+06
8.22e-05,-5.6309,49.623,-6.2872e+06
8.23e-05,-5.7089,48.998,-6.2227e+06
8.24e-05,-5.7869,48.379,-6.1559e+06
8.25e-05,-5.8649,47.767,-6.0871e+06
8.26e-05,-5.943,47.161,-6.0165e+06
8.27e-05,-6.021,46.563,-5.9442e+06
8.28e-05,-6.099,45.973,-5.8704e+06
8.29e-05,-6.1771,45.389,-5.7953e+06
8.3e-05,-6.2551,44.814,-5.719e+06
8.31e-05,-6.3331,44.246,-5.6417e+06
8.32e-05,-6.4111,43.685,-5.5635e+06
8.33e-05,-6.4892,43.133,-5.4846e+06
8.34e-05,-6.5672,42.588,-5.4051e+06
8.35e-05,-6.6452,42.052,-5.3253e+06
8.36e-05,-6.7232,41.523,-5.2451e+06
8.37e-05,-6.8013,41.003,-5.1649e+06
8.38e-05,-6.8793,40.49,-5.0846e+06
8.39e-05,-6.9573,39.986,-5.0045e+06
8.4e-05,-7.0354,39.489,-4.9246e+06
8.41e-05,-7.1134,39.001,-4.845e+06
8.42e-05,-7.1914,38.52,-4.7659e+06
8.43e-05,-7.2694,38.048,-4.6874e+06
8.44e-05,-7.3475,37.583,-4.6095e+06
8.45e-05,-7.4255,37.126,-4.5324e+06
8.46e-05,-7.5035,36.676,-4.4561e+06
8.47e-05,-7.5815,36.235,-4.3806e+06
8.48e-05,-7.6596,35.8,-4.3062e+06
8.49e-05,-7.7376,35.373,-4.2328e+06
8.5e-05,-7.8156,34.954,-4.1605e+06
8.51e-05,-7.8937,34.541,-4.0893e+06
8.52e-05,-7.9717,34.136,-4.0193e+06
8.53e-05,-8.0497,33.737,-3.9506e+06
8.54e-05,-8.1277,33.346,-3.8832e+06
8.55e-05,-8.2058,32.961,-3.817e+06
8.56e-05,-8.2838,32.582,-3.7522e+06
8.57e-05,-8.3618,32.21,-3.6888e+06
8.58e-05,-8.4398,31.844,-3.6267e+06
8.59e-05,-8.5179,31.485,-3.5661e+06
8.6e-05,-8.5959,31.131,-3.5069e+06
8.61e-05,-8.6739,30.783,-3.4491e+06
8.62e-05,-8.752,30.441,-3.3927e+06
8.63e-05,-8.83,30.105,-3.3377e+06
8.64e-05,-8.908,29.773,-3.2842e+06
8.65e-05,-8.986,29.448,-3.2321e+06
8.66e-05,-9.0641,29.127,-3.1814e+06
8.67e-05,-9.1421,28.811,-3.1322e+06
8.68e-05,-9.2201,28.5,-3.0843e+06
8.69e-05,-9.2981,28.194,-3.0379e+06
8.7e-05,-9.3762,27.893,-2.9928e+06
8.71e-05,-9.4542,27.596,-2.9491e+06
8.72e-05,-9.5322,27.303,-2.9067e+06
8.73e-05,-9.6102,27.014,-2.8657e+06
8.74e-05,-9.6883,26.73,-2.8259e+06
8.75e-05,-9.7663,26.449,-2.7875e+06
8.76e-05,-9.8443,26.172,-2.7503e+06
8.77e-05,-9.9224,25.899,-2.7144e+06
8.78e-05,-10,25.629,-2.6797e+06
8.79e-05,-10.078,25.363,-2.6462e+06
8.8e-05,-10.156,25.1,-2.6139e+06
8.81e-05,-10.234,24.84,-2.5827e+06
8.82e-05,-10.312,24.583,-2.5526e+06
8.83e-05,-10.391,24.33,-2.5237e+06
8.84e-05,-10.469,24.079,-2.4958e+06
8.85e-05,-10.547,23.83,-2.469e+06
8.86e-05,-10.625,23.585,-2.4432e+06
8.87e-05,-10.703,23.342,-2.4184e+06
8.88e-05,-10.781,23.101,-2.3946e+06
8.89e-05,-10.859,22.863,-2.3717e+06
8.9e-05,-10.937,22.627,-2.3498e+06
8.91e-05,-11.015,22.393,-2.3288e+06
8.92e-05,-11.093,22.161,-2.3086e+06
8.93e-05,-11.171,21.931,-2.2893e+06
8.94e-05,-11.249,21.703,-2.2708e+06
8.95e-05,-11.327,21.477,-2.2532e+06
8.96e-05,-11.405,21.252,-2.2363e+06
8.97e-05,-11.483,21.029,-2.2202e+06
8.98e-05,-11.561,20.808,-2.2048e+06
8.99e-05,-11.639,20.588,-2.1901e+06
9e-05,-11.717,20.37,-2.1761e+06
9.01e-05,-11.795,20.153,-2.1629e+06
9.02e-05,-11.873,19.937,-2.1502e+06
9.03e-05,-11.951,19.723,-2.1382e+06
9.04e-05,-12.029,19.51,-2.1268e+06
9.05e-05,-12.107,19.298,-2.116e+06
9.06e-05,-12.185,19.087,-2.1058e+06
9.07e-05,-12.263,18.876,-2.0961e+06
9.08e-05,-12.341,18.667,-2.087e+06
9.09e-05,-12.419,18.459,-2.0784e+06
9.1e-05,-12.497,18.252,-2.0703e+06
9.11e-05,-12.575,18.045,-2.0627e+06
9.12e-05,-12.653,17.839,-2.0555e+06
9.13e-05,-12.731,17.634,-2.0488e+06
9.14e-05,-12.809,17.429,-2.0426e+06
9.15e-05,-12.887,17.225,-2.0368e+06
9.16e-05,-12.965,17.022,-2.0314e+06
9.17e-05,-13.043,16.819,-2.0264e+06
9.18e-05,-13.121,16.617,-2.0218e+06
9.19e-05,-13.199,16.415,-2.0175e+06
9.2e-05,-13.278,16.213,-2.0136e+06
9.21e-05,-13.356,16.012,-2.0101e+06
9.22e-05,-13.434,15.811,-2.0069e+06
9.23e-05,-13.512,15.61,-2.004e+06
9.24e-05,-13.59,15.41,-2.0015e+06
9.25e-05,-13.668,15.21,-1.9992e+06
9.26e-05,-13.746,15.01,-1.9972e+06
9.27e-05,-13.824,14.811,-1.9955e+06
9.28e-05,-13.902,14.611,-1.9941e+06
9.29e-05,-13.98,14.412,-1.9929e+06
9.3e-05,-14.058,14.213,-1.992e+06
9.31e-05,-14.136,14.013,-1.9914e+06
9.32e-05,-14.214,13.814,-1.9909e+06
9.33e-05,-14.292,13.615,-1.9907e+06
9.34e-05,-14.37,13.416,-1.9907e+06
9.35e-05,-14.448,13.217,-1.991e+06
9.36e-05,-14.526,13.018,-1.9914e+06
9.37e-05,-14.604,12.819,-1.992e+06
9.38e-05,-14.682,12.62,-1.9928e+06
9.39e-05,-14.76,12.42,-1.9938e+06
9.4e-05,-14.838,12.221,-1.995e+06
9.41e-05,-14.916,12.021,-1.9963e+06
9.42e-05,-14.994,11.822,-1.9978e+06
9.43e-05,-15.072,11.622,-1.9995e+06
9.44e-05,-15.15,11.422,-2.0013e+06
9.45e-05,-15.228,11.221,-2.0032e+06
9.46e-05,-15.306,11.021,-2.0053e+06
9.47e-05,-15.384,10.82,-2.0075e+06
9.48e-05,-15.462,10.619,-2.0099e+06
9.49e-05,-15.54,10.418,-2.0124e+06
9.5e-05,-15.618,10.217,-2.015e+06
9.51e-05,-15.696,10.015,-2.0177e+06
9.52e-05,-15.774,9.8134,-2.0205e+06
9.53e-05,-15.852,9.6112,-2.0235e+06
9.54e-05,-15.93,9.4087,-2.0265e+06
9.55e-05,-16.008,9.2059,-2.0297e+06
9.56e-05,-16.086,9.0028,-2.0329e+06
9.57e-05,-16.165,8.7993,-2.0362e+06
9.58e-05,-16.243,8.5956,-2.0397e+06
9.59e-05,-16.321,8.3914,-2.0432e+06
9.6e-05,-16.399,8.1869,-2.0468e+06
9.61e-05,-16.477,7.9821,-2.0504e+06
9.62e-05,-16.555,7.7768,-2.0542e+06
9.63e-05,-16.633,7.5712,-2.058e+06
9.64e-05,-16.711,7.3652,-2.0619e+06
9.65e-05,-16.789,7.1588,-2.0659e+06
9.66e-05,-16.867,6.952,-2.0699e+06
9.67e-05,-16.945,6.7448,-2.074e+06
9.68e-05,-17.023,6.5372,-2.0782e+06
9.69e-05,-17.101,6.3292,-2.0824e+06
9.7e-05,-17.179,6.1208,-2.0866e+06
9.71e-05,-17.257,5.9119,-2.091e+06
9.72e-05,-17.335,5.7026,-2.0954e+06
9.73e-05,-17.413,5.4928,-2.0998e+06
9.74e-05,-17.491,5.2826,-2.1043e+06
9.75e-05,-17.569,5.0719,-2.1088e+06
9.76e-05,-17.647,4.8608,-2.1134e+06
9.77e-05,-17.725,4.6493,-2.118e+06
9.78e-05,-17.803,4.4372,-2.1226e+06
9.79e-05,-17.881,4.2247,-2.1273e+06
9.8e-05,-17.959,4.0118,-2.1321e+06
9.81e-05,-18.037,3.7983,-2.1368e+06
9.82e-05,-18.115,3.5844,-2.1417e+06
9.83e-05,-18.193,3.37,-2.1465e+06
9.84e-05,-18.271,3.1551,-2.1514e+06
9.85e-05,-18.349,2.9397,-2.1563e+06
9.86e-05,-18.427,2.7238,-2.1612e+06
9.87e-05,-18.505,2.5075,-2.1662e+06
9.88e-05,-18.583,2.2906,-2.1712e+06
9.89e-05,-18.661,2.0732,-2.1762e+06
9.9e-05,-18.739,1.8554,-2.1813e+06
9.91e-05,-18.817,1.637,-2.1864e+06
9.92e-05,-18.895,1.4181,-2.1915e+06
9.93e-05,-18.974,1.1987,-2.1966e+06
9.94e-05,-19.052,0.97876,-2.2017e+06
9.95e-05,-19.13,0.75833,-2.2069e+06
9.96e-05,-19.208,0.53737,-2.2121e+06
9.97e-05,-19.286,0.3159,-2.2173e+06
9.98e-05,-19.364,0.093907,-2.2226e+06
9.99e-05,-19.442,-0.12861,-2.2278e+06
0.0001,-19.52,-0.35166,-2.2331e+06
0.0001001,-19.598,-0.57525,-2.2388e+06
