0,-14.718,0,8.549e+05
1e-07,-14.659,0.085592,8.5695e+05
2e-07,-14.6,0.17139,8.5899e+05
3e-07,-14.541,0.25739,8.6104e+05
4e-07,-14.482,0.3436,8.6309e+05
5e-07,-14.423,0.43001,8.6514e+05
6e-07,-14.364,0.51663,8.6719e+05
7e-07,-14.305,0.60345,8.6924e+05
8e-07,-14.246,0.69048,8.713e+05
9e-07,-14.187,0.77771,8.7335e+05
1e-06,-14.128,0.86515,8.754e+05
1.1e-06,-14.069,0.95279,8.7746e+05
1.2e-06,-14.01,1.0406,8.7952e+05
1.3e-06,-13.951,1.1287,8.8157e+05
1.4e-06,-13.892,1.217,8.8363e+05
1.5e-06,-13.833,1.3054,8.8569e+05
1.6e-06,-13.774,1.3941,8.8775e+05
1.7e-06,-13.715,1.483,8.8981e+05
1.8e-06,-13.656,1.5721,8.9187e+05
1.9e-06,-13.597,1.6613,8.9394e+05
2e-06,-13.538,1.7508,8.96e+05
2.1e-06,-13.479,1.8405,8.9807e+05
2.2e-06,-13.42,1.9305,9.0014e+05
2.3e-06,-13.361,2.0206,9.0221e+05
2.4e-06,-13.302,2.1109,9.0428e+05
2.5e-06,-13.243,2.2014,9.0635e+05
2.6e-06,-13.184,2.2922,9.0842e+05
2.7e-06,-13.125,2.3831,9.105e+05
2.8e-06,-13.066,2.4743,9.1258e+05
2.9e-06,-13.007,2.5656,9.1466e+05
3e-06,-12.948,2.6572,9.1674e+05
3.1e-06,-12.889,2.749,9.1882e+05
3.2e-06,-12.83,2.841,9.2091e+05
3.3e-06,-12.771,2.9332,9.2299e+05
3.4e-06,-12.712,3.0256,9.2508e+05
3.5e-06,-12.653,3.1182,9.2717e+05
3.6e-06,-12.593,3.211,9.2927e+05
3.7e-06,-12.534,3.304,9.3136e+05
3.8e-06,-12.475,3.3973,9.3346e+05
3.9e-06,-12.416,3.4907,9.3556e+05
4e-06,-12.357,3.5844,9.3767e+05
4.1e-06,-12.298,3.6783,9.3977e+05
4.2e-06,-12.239,3.7723,9.4188e+05
4.3e-06,-12.18,3.8666,9.44e+05
4.4e-06,-12.121,3.9611,9.4611e+05
4.5e-06,-12.062,4.0559,9.4823e+05
4.6e-06,-12.003,4.1508,9.5035e+05
4.7e-06,-11.944,4.2459,9.5248e+05
4.8e-06,-11.885,4.3413,9.5461e+05
4.9e-06,-11.826,4.4368,9.5674e+05
5e-06,-11.767,4.5326,9.5887e+05
5.1e-06,-11.708,4.6286,9.6101e+05
5.2e-06,-11.649,4.7248,9.6316e+05
5.3e-06,-11.59,4.8213,9.6531e+05
5.4e-06,-11.531,4.9179,9.6746e+05
5.5e-06,-11.472,5.0147,9.6962e+05
5.6e-06,-11.413,5.1118,9.7178e+05
5.7e-06,-11.354,5.2091,9.7395e+05
5.8e-06,-11.295,5.3066,9.7612e+05
5.9e-06,-11.236,5.4043,9.7829e+05
6e-06,-11.177,5.5023,9.8048e+05
6.1e-06,-11.118,5.6004,9.8267e+05
6.2e-06,-11.059,5.6988,9.8486e+05
6.3e-06,-11,5.7974,9.8706e+05
6.4e-06,-10.941,5.8962,9.8927e+05
6.5e-06,-10.882,5.9952,9.9148e+05
6.6e-06,-10.823,6.0945,9.937e+05
6.7e-06,-10.764,6.194,9.9592e+05
6.8e-06,-10.705,6.2937,9.9816e+05
6.9e-06,-10.646,6.3936,1.0004e+06
7e-06,-10.587,6.4938,1.0026e+06
7.1e-06,-10.528,6.5941,1.0049e+06
7.2e-06,-10.469,6.6947,1.0072e+06
7.3e-06,-10.41,6.7956,1.0094e+06
7.4e-06,-10.351,6.8966,1.0117e+06
7.5e-06,-10.292,6.9979,1.014e+06
7.6e-06,-10.233,7.0994,1.0163e+06
7.7e-06,-10.174,7.2012,1.0186e+06
7.8e-06,-10.115,7.3032,1.021e+06
7.9e-06,-10.056,7.4054,1.0233e+06
8e-06,-9.9966,7.5078,1.0256e+06
8.1e-06,-9.9376,7.6105,1.028e+06
8.2e-06,-9.8786,7.7134,1.0304e+06
8.3e-06,-9.8196,7.8166,1.0327e+06
8.4e-06,-9.7606,7.92,1.0351e+06
8.5e-06,-9.7015,8.0236,1.0375e+06
8.6e-06,-9.6425,8.1275,1.0399e+06
8.7e-06,-9.5835,8.2316,1.0424e+06
8.8e-06,-9.5245,8.336,1.0448e+06
8.9e-06,-9.4655,8.4406,1.0473e+06
9e-06,-9.4064,8.5454,1.0498e+06
9.1e-06,-9.3474,8.6505,1.0523e+06
9.2e-06,-9.2884,8.7559,1.0548e+06
9.3e-06,-9.2294,8.8615,1.0573e+06
9.4e-06,-9.1704,8.9673,1.0599e+06
9.5e-06,-9.1114,9.0734,1.0624e+06
9.6e-06,-9.0523,9.1798,1.065e+06
9.7e-06,-8.9933,9.2864,1.0676e+06
9.8e-06,-8.9343,9.3933,1.0702e+06
9.9e-06,-8.8753,9.5005,1.0729e+06
1e-05,-8.8163,9.6079,1.0756e+06
1.01e-05,-8.7572,9.7156,1.0783e+06
1.02e-05,-8.6982,9.8236,1.081e+06
1.03e-05,-8.6392,9.9318,1.0837e+06
1.04e-05,-8.5802,10.04,1.0865e+06
1.05e-05,-8.5212,10.149,1.0893e+06
1.06e-05,-8.4621,10.258,1.0921e+06
1.07e-05,-8.4031,10.368,1.095e+06
1.08e-05,-8.3441,10.477,1.0978e+06
1.09e-05,-8.2851,10.587,1.1008e+06
1.1e-05,-8.2261,10.697,1.1037e+06
1.11e-05,-8.167,10.808,1.1067e+06
1.12e-05,-8.108,10.919,1.1097e+06
1.13e-05,-8.049,11.03,1.1128e+06
1.14e-05,-7.99,11.141,1.1158e+06
1.15e-05,-7.931,11.253,1.119e+06
1.16e-05,-7.8719,11.365,1.1221e+06
1.17e-05,-7.8129,11.477,1.1253e+06
1.18e-05,-7.7539,11.59,1.1286e+06
1.19e-05,-7.6949,11.703,1.1319e+06
1.2e-05,-7.6359,11.816,1.1352e+06
1.21e-05,-7.5768,11.93,1.1386e+06
1.22e-05,-7.5178,12.044,1.142e+06
1.23e-05,-7.4588,12.159,1.1455e+06
1.24e-05,-7.3998,12.273,1.1491e+06
1.25e-05,-7.3408,12.388,1.1527e+06
1.26e-05,-7.2818,12.504,1.1563e+06
1.27e-05,-7.2227,12.62,1.16e+06
1.28e-05,-7.1637,12.736,1.1638e+06
1.29e-05,-7.1047,12.852,1.1676e+06
1.3e-05,-7.0457,12.969,1.1715e+06
1.31e-05,-6.9867,13.087,1.1755e+06
1.32e-05,-6.9276,13.204,1.1795e+06
1.33e-05,-6.8686,13.323,1.1836e+06
1.34e-05,-6.8096,13.441,1.1878e+06
1.35e-05,-6.7506,13.56,1.192e+06
1.36e-05,-6.6916,13.68,1.1964e+06
1.37e-05,-6.6325,13.799,1.2008e+06
1.38e-05,-6.5735,13.92,1.2053e+06
1.39e-05,-6.5145,14.04,1.2099e+06
1.4e-05,-6.4555,14.162,1.2146e+06
1.41e-05,-6.3965,14.283,1.2193e+06
1.42e-05,-6.3374,14.406,1.2242e+06
1.43e-05,-6.2784,14.528,1.2292e+06
1.44e-05,-6.2194,14.651,1.2343e+06
1.45e-05,-6.1604,14.775,1.2394e+06
1.46e-05,-6.1014,14.899,1.2448e+06
1.47e-05,-6.0423,15.024,1.2502e+06
1.48e-05,-5.9833,15.149,1.2557e+06
1.49e-05,-5.9243,15.275,1.2614e+06
1.5e-05,-5.8653,15.402,1.2672e+06
1.51e-05,-5.8063,15.529,1.2731e+06
1.52e-05,-5.7472,15.656,1.2792e+06
1.53e-05,-5.6882,15.784,1.2854e+06
1.54e-05,-5.6292,15.913,1.2917e+06
1.55e-05,-5.5702,16.043,1.2982e+06
1.56e-05,-5.5112,16.173,1.3049e+06
1.57e-05,-5.4521,16.304,1.3117e+06
1.58e-05,-5.3931,16.435,1.3187e+06
1.59e-05,-5.3341,16.568,1.3259e+06
1.6e-05,-5.2751,16.701,1.3332e+06
1.61e-05,-5.2161,16.834,1.3407e+06
1.62e-05,-5.1571,16.969,1.3485e+06
1.63e-05,-5.098,17.104,1.3564e+06
1.64e-05,-5.039,17.24,1.3645e+06
1.65e-05,-4.98,17.377,1.3729e+06
1.66e-05,-4.921,17.515,1.3814e+06
1.67e-05,-4.862,17.653,1.3902e+06
1.68e-05,-4.8029,17.793,1.3992e+06
1.69e-05,-4.7439,17.933,1.4085e+06
1.7e-05,-4.6849,18.074,1.418e+06
1.71e-05,-4.6259,18.217,1.4277e+06
1.72e-05,-4.5669,18.36,1.4377e+06
1.73e-05,-4.5078,18.504,1.448e+06
1.74e-05,-4.4488,18.649,1.4586e+06
1.75e-05,-4.3898,18.796,1.4695e+06
1.76e-05,-4.3308,18.943,1.4807e+06
1.77e-05,-4.2718,19.092,1.4921e+06
1.78e-05,-4.2127,19.242,1.5039e+06
1.79e-05,-4.1537,19.393,1.516e+06
1.8e-05,-4.0947,19.545,1.5285e+06
1.81e-05,-4.0357,19.699,1.5413e+06
1.82e-05,-3.9767,19.853,1.5545e+06
1.83e-05,-3.9176,20.009,1.568e+06
1.84e-05,-3.8586,20.167,1.5819e+06
1.85e-05,-3.7996,20.326,1.5962e+06
1.86e-05,-3.7406,20.486,1.6109e+06
1.87e-05,-3.6816,20.648,1.626e+06
1.88e-05,-3.6225,20.811,1.6415e+06
1.89e-05,-3.5635,20.976,1.6575e+06
1.9e-05,-3.5045,21.143,1.6739e+06
1.91e-05,-3.4455,21.311,1.6908e+06
1.92e-05,-3.3865,21.481,1.7082e+06
1.93e-05,-3.3274,21.653,1.726e+06
1.94e-05,-3.2684,21.826,1.7443e+06
1.95e-05,-3.2094,22.002,1.7632e+06
1.96e-05,-3.1504,22.179,1.7826e+06
1.97e-05,-3.0914,22.358,1.8025e+06
1.98e-05,-3.0324,22.54,1.8229e+06
1.99e-05,-2.9733,22.723,1.8439e+06
2e-05,-2.9143,22.908,1.8655e+06
2.01e-05,-2.8553,23.096,1.8877e+06
2.02e-05,-2.7963,23.286,1.9105e+06
2.03e-05,-2.7373,23.478,1.9339e+06
2.04e-05,-2.6782,23.673,1.9579e+06
2.05e-05,-2.6192,23.87,1.9826e+06
2.06e-05,-2.5602,24.069,2.0079e+06
2.07e-05,-2.5012,24.271,2.0339e+06
2.08e-05,-2.4422,24.476,2.0606e+06
2.09e-05,-2.3831,24.684,2.0879e+06
2.1e-05,-2.3241,24.894,2.116e+06
2.11e-05,-2.2651,25.107,2.1447e+06
2.12e-05,-2.2061,25.323,2.1742e+06
2.13e-05,-2.1471,25.542,2.2045e+06
2.14e-05,-2.088,25.764,2.2354e+06
2.15e-05,-2.029,25.989,2.2672e+06
2.16e-05,-1.97,26.217,2.2997e+06
2.17e-05,-1.911,26.449,2.3329e+06
2.18e-05,-1.852,26.684,2.367e+06
2.19e-05,-1.7929,26.922,2.4018e+06
2.2e-05,-1.7339,27.164,2.4374e+06
2.21e-05,-1.6749,27.41,2.4738e+06
2.22e-05,-1.6159,27.659,2.5111e+06
2.23e-05,-1.5569,27.912,2.5491e+06
2.24e-05,-1.4978,28.169,2.5879e+06
2.25e-05,-1.4388,28.43,2.6275e+06
2.26e-05,-1.3798,28.694,2.6679e+06
2.27e-05,-1.3208,28.963,2.7091e+06
2.28e-05,-1.2618,29.236,2.7512e+06
2.29e-05,-1.2028,29.513,2.7939e+06
2.3e-05,-1.1437,29.795,2.8375e+06
2.31e-05,-1.0847,30.081,2.8818e+06
2.32e-05,-1.0257,30.371,2.9269e+06
2.33e-05,-0.96667,30.666,2.9728e+06
2.34e-05,-0.90765,30.966,3.0193e+06
2.35e-05,-0.84863,31.27,3.0666e+06
2.36e-05,-0.78961,31.579,3.1145e+06
2.37e-05,-0.73059,31.893,3.1631e+06
2.38e-05,-0.67158,32.212,3.2123e+06
2.39e-05,-0.61256,32.536,3.2621e+06
2.4e-05,-0.55354,32.865,3.3125e+06
2.41e-05,-0.49452,33.198,3.3635e+06
2.42e-05,-0.4355,33.537,3.4149e+06
2.43e-05,-0.37648,33.881,3.4668e+06
2.44e-05,-0.31746,34.231,3.5191e+06
2.45e-05,-0.25844,34.585,3.5718e+06
2.46e-05,-0.19942,34.945,3.6248e+06
2.47e-05,-0.1404,35.31,3.678e+06
2.48e-05,-0.081381,35.681,3.7315e+06
2.49e-05,-0.022362,36.056,3.7852e+06
2.5e-05,0.036658,36.438,3.8389e+06
2.51e-05,0.095677,36.824,3.8926e+06
2.52e-05,0.1547,37.216,3.9464e+06
2.53e-05,0.21372,37.613,4e+06
2.54e-05,0.27274,38.016,4.0534e+06
2.55e-05,0.33175,38.424,4.1066e+06
2.56e-05,0.39077,38.837,4.1595e+06
2.57e-05,0.44979,39.256,4.212e+06
2.58e-05,0.50881,39.68,4.264e+06
2.59e-05,0.56783,40.109,4.3154e+06
2.6e-05,0.62685,40.543,4.3661e+06
2.61e-05,0.68587,40.982,4.4162e+06
2.62e-05,0.74489,41.426,4.4654e+06
2.63e-05,0.80391,41.875,4.5136e+06
2.64e-05,0.86293,42.329,4.5609e+06
2.65e-05,0.92195,42.787,4.6071e+06
2.66e-05,0.98097,43.25,4.6522e+06
2.67e-05,1.04,43.718,4.6959e+06
2.68e-05,1.099,44.189,4.7384e+06
2.69e-05,1.158,44.665,4.7793e+06
2.7e-05,1.217,45.145,4.8188e+06
2.71e-05,1.2761,45.629,4.8567e+06
2.72e-05,1.3351,46.116,4.8929e+06
2.73e-05,1.3941,46.607,4.9273e+06
2.74e-05,1.4531,47.102,4.9599e+06
2.75e-05,1.5121,47.599,4.9906e+06
2.76e-05,1.5712,48.1,5.0193e+06
2.77e-05,1.6302,48.603,5.046e+06
2.78e-05,1.6892,49.109,5.0705e+06
2.79e-05,1.7482,49.617,5.093e+06
2.8e-05,1.8072,50.127,5.1132e+06
2.81e-05,1.8663,50.639,5.1312e+06
2.82e-05,1.9253,51.153,5.1469e+06
2.83e-05,1.9843,51.669,5.1602e+06
2.84e-05,2.0433,52.185,5.1713e+06
2.85e-05,2.1023,52.703,5.1799e+06
2.86e-05,2.1614,53.221,5.1862e+06
2.87e-05,2.2204,53.74,5.19e+06
2.88e-05,2.2794,54.259,5.1915e+06
2.89e-05,2.3384,54.778,5.1905e+06
2.9e-05,2.3974,55.297,5.1872e+06
2.91e-05,2.4565,55.815,5.1814e+06
2.92e-05,2.5155,56.333,5.1733e+06
2.93e-05,2.5745,56.85,5.1629e+06
2.94e-05,2.6335,57.366,5.1502e+06
2.95e-05,2.6925,57.88,5.1352e+06
2.96e-05,2.7516,58.393,5.1179e+06
2.97e-05,2.8106,58.903,5.0985e+06
2.98e-05,2.8696,59.412,5.077e+06
2.99e-05,2.9286,59.919,5.0534e+06
3e-05,2.9876,60.423,5.0278e+06
3.01e-05,3.0466,60.924,5.0002e+06
3.02e-05,3.1057,61.423,4.9708e+06
3.03e-05,3.1647,61.918,4.9396e+06
3.04e-05,3.2237,62.411,4.9066e+06
3.05e-05,3.2827,62.899,4.872e+06
3.06e-05,3.3417,63.385,4.8359e+06
3.07e-05,3.4008,63.867,4.7982e+06
3.08e-05,3.4598,64.344,4.7592e+06
3.09e-05,3.5188,64.818,4.7189e+06
3.1e-05,3.5778,65.288,4.6774e+06
3.11e-05,3.6368,65.754,4.6347e+06
3.12e-05,3.6959,66.215,4.5909e+06
3.13e-05,3.7549,66.672,4.5463e+06
3.14e-05,3.8139,67.124,4.5007e+06
3.15e-05,3.8729,67.572,4.4544e+06
3.16e-05,3.9319,68.015,4.4074e+06
3.17e-05,3.991,68.453,4.3597e+06
3.18e-05,4.05,68.887,4.3116e+06
3.19e-05,4.109,69.316,4.2629e+06
3.2e-05,4.168,69.74,4.214e+06
3.21e-05,4.227,70.158,4.1647e+06
3.22e-05,4.2861,70.572,4.1152e+06
3.23e-05,4.3451,70.982,4.0656e+06
3.24e-05,4.4041,71.386,4.0159e+06
3.25e-05,4.4631,71.785,3.9662e+06
3.26e-05,4.5221,72.179,3.9166e+06
3.27e-05,4.5812,72.568,3.867e+06
3.28e-05,4.6402,72.952,3.8177e+06
3.29e-05,4.6992,73.332,3.7686e+06
3.3e-05,4.7582,73.706,3.7198e+06
3.31e-05,4.8172,74.076,3.6714e+06
3.32e-05,4.8763,74.44,3.6233e+06
3.33e-05,4.9353,74.8,3.5757e+06
3.34e-05,4.9943,75.155,3.5286e+06
3.35e-05,5.0533,75.506,3.482e+06
3.36e-05,5.1123,75.852,3.4359e+06
3.37e-05,5.1713,76.193,3.3904e+06
3.38e-05,5.2304,76.53,3.3455e+06
3.39e-05,5.2894,76.862,3.3013e+06
3.4e-05,5.3484,77.19,3.2578e+06
3.41e-05,5.4074,77.514,3.2149e+06
3.42e-05,5.4664,77.833,3.1727e+06
3.43e-05,5.5255,78.149,3.1313e+06
3.44e-05,5.5845,78.46,3.0907e+06
3.45e-05,5.6435,78.767,3.0507e+06
3.46e-05,5.7025,79.07,3.0116e+06
3.47e-05,5.7615,79.369,2.9732e+06
3.48e-05,5.8206,79.664,2.9357e+06
3.49e-05,5.8796,79.956,2.8989e+06
3.5e-05,5.9386,80.244,2.8629e+06
3.51e-05,5.9976,80.529,2.8277e+06
3.52e-05,6.0566,80.81,2.7934e+06
3.53e-05,6.1157,81.088,2.7598e+06
3.54e-05,6.1747,81.362,2.727e+06
3.55e-05,6.2337,81.633,2.695e+06
3.56e-05,6.2927,81.901,2.6638e+06
3.57e-05,6.3517,82.166,2.6335e+06
3.58e-05,6.4108,82.428,2.6038e+06
3.59e-05,6.4698,82.687,2.575e+06
3.6e-05,6.5288,82.943,2.5469e+06
3.61e-05,6.5878,83.196,2.5196e+06
3.62e-05,6.6468,83.447,2.4931e+06
3.63e-05,6.7059,83.695,2.4672e+06
3.64e-05,6.7649,83.94,2.4422e+06
3.65e-05,6.8239,84.183,2.4178e+06
3.66e-05,6.8829,84.424,2.3941e+06
3.67e-05,6.9419,84.662,2.3712e+06
3.68e-05,7.0009,84.898,2.3489e+06
3.69e-05,7.06,85.132,2.3273e+06
3.7e-05,7.119,85.363,2.3063e+06
3.71e-05,7.178,85.593,2.286e+06
3.72e-05,7.237,85.821,2.2664e+06
3.73e-05,7.296,86.046,2.2473e+06
3.74e-05,7.3551,86.27,2.2289e+06
3.75e-05,7.4141,86.492,2.211e+06
3.76e-05,7.4731,86.712,2.1938e+06
3.77e-05,7.5321,86.931,2.1771e+06
3.78e-05,7.5911,87.148,2.161e+06
3.79e-05,7.6502,87.363,2.1454e+06
3.8e-05,7.7092,87.577,2.1303e+06
3.81e-05,7.7682,87.789,2.1158e+06
3.82e-05,7.8272,88,2.1017e+06
3.83e-05,7.8862,88.21,2.0882e+06
3.84e-05,7.9453,88.418,2.0751e+06
3.85e-05,8.0043,88.625,2.0625e+06
3.86e-05,8.0633,88.83,2.0504e+06
3.87e-05,8.1223,89.035,2.0387e+06
3.88e-05,8.1813,89.238,2.0274e+06
3.89e-05,8.2404,89.44,2.0165e+06
3.9e-05,8.2994,89.641,2.0061e+06
3.91e-05,8.3584,89.842,1.996e+06
3.92e-05,8.4174,90.041,1.9864e+06
3.93e-05,8.4764,90.239,1.9771e+06
3.94e-05,8.5355,90.436,1.9681e+06
3.95e-05,8.5945,90.632,1.9596e+06
3.96e-05,8.6535,90.828,1.9513e+06
3.97e-05,8.7125,91.023,1.9434e+06
3.98e-05,8.7715,91.217,1.9358e+06
3.99e-05,8.8306,91.41,1.9286e+06
4e-05,8.8896,91.602,1.9216e+06
4.01e-05,8.9486,91.794,1.9149e+06
4.02e-05,9.0076,91.985,1.9085e+06
4.03e-05,9.0666,92.176,1.9024e+06
4.04e-05,9.1256,92.366,1.8966e+06
4.05e-05,9.1847,92.555,1.891e+06
4.06e-05,9.2437,92.744,1.8857e+06
4.07e-05,9.3027,92.932,1.8806e+06
4.08e-05,9.3617,93.12,1.8758e+06
4.09e-05,9.4207,93.308,1.8712e+06
4.1e-05,9.4798,93.495,1.8668e+06
4.11e-05,9.5388,93.681,1.8626e+06
4.12e-05,9.5978,93.867,1.8586e+06
4.13e-05,9.6568,94.053,1.8548e+06
4.14e-05,9.7158,94.238,1.8513e+06
4.15e-05,9.7749,94.423,1.8479e+06
4.16e-05,9.8339,94.608,1.8447e+06
4.17e-05,9.8929,94.792,1.8416e+06
4.18e-05,9.9519,94.976,1.8388e+06
4.19e-05,10.011,95.16,1.8361e+06
4.2e-05,10.07,95.343,1.8336e+06
4.21e-05,10.129,95.526,1.8312e+06
4.22e-05,10.188,95.709,1.829e+06
4.23e-05,10.247,95.892,1.8269e+06
4.24e-05,10.306,96.075,1.825e+06
4.25e-05,10.365,96.257,1.8232e+06
4.26e-05,10.424,96.439,1.8215e+06
4.27e-05,10.483,96.622,1.8199e+06
4.28e-05,10.542,96.803,1.8185e+06
4.29e-05,10.601,96.985,1.8172e+06
4.3e-05,10.66,97.167,1.816e+06
4.31e-05,10.719,97.348,1.8149e+06
4.32e-05,10.778,97.53,1.814e+06
4.33e-05,10.837,97.711,1.8131e+06
4.34e-05,10.896,97.893,1.8123e+06
4.35e-05,10.955,98.074,1.8116e+06
4.36e-05,11.014,98.255,1.8111e+06
4.37e-05,11.073,98.436,1.8106e+06
4.38e-05,11.132,98.617,1.8102e+06
4.39e-05,11.191,98.798,1.8099e+06
4.4e-05,11.25,98.979,1.8096e+06
4.41e-05,11.309,99.16,1.8095e+06
4.42e-05,11.368,99.341,1.8094e+06
4.43e-05,11.427,99.522,1.8094e+06
4.44e-05,11.486,99.703,1.8094e+06
4.45e-05,11.545,99.884,1.8095e+06
4.46e-05,11.604,100.06,1.8097e+06
4.47e-05,11.663,100.25,1.81e+06
4.48e-05,11.723,100.43,1.8103e+06
4.49e-05,11.782,100.61,1.8107e+06
4.5e-05,11.841,100.79,1.8111e+06
4.51e-05,11.9,100.97,1.8116e+06
4.52e-05,11.959,101.15,1.8122e+06
4.53e-05,12.018,101.33,1.8128e+06
4.54e-05,12.077,101.51,1.8134e+06
4.55e-05,12.136,101.7,1.8141e+06
4.56e-05,12.195,101.88,1.8148e+06
4.57e-05,12.254,102.06,1.8156e+06
4.58e-05,12.313,102.24,1.8165e+06
4.59e-05,12.372,102.42,1.8173e+06
4.6e-05,12.431,102.6,1.8182e+06
4.61e-05,12.49,102.78,1.8192e+06
4.62e-05,12.549,102.97,1.8202e+06
4.63e-05,12.608,103.15,1.8212e+06
4.64e-05,12.667,103.33,1.8223e+06
4.65e-05,12.726,103.51,1.8234e+06
4.66e-05,12.785,103.7,1.8245e+06
4.67e-05,12.844,103.88,1.8256e+06
4.68e-05,12.903,104.06,1.8268e+06
4.69e-05,12.962,104.24,1.828e+06
4.7e-05,13.021,104.43,1.8293e+06
4.71e-05,13.08,104.61,1.8306e+06
4.72e-05,13.139,104.79,1.8319e+06
4.73e-05,13.198,104.98,1.8332e+06
4.74e-05,13.257,105.16,1.8345e+06
4.75e-05,13.316,105.34,1.8359e+06
4.76e-05,13.375,105.53,1.8373e+06
4.77e-05,13.434,105.71,1.8387e+06
4.78e-05,13.493,105.89,1.8402e+06
4.79e-05,13.552,106.08,1.8416e+06
4.8e-05,13.611,106.26,1.8431e+06
4.81e-05,13.67,106.45,1.8446e+06
4.82e-05,13.729,106.63,1.8461e+06
4.83e-05,13.788,106.82,1.8476e+06
4.84e-05,13.847,107,1.8492e+06
4.85e-05,13.906,107.19,1.8508e+06
4.86e-05,13.965,107.37,1.8524e+06
4.87e-05,14.024,107.56,1.854e+06
4.88e-05,14.083,107.74,1.8556e+06
4.89e-05,14.142,107.93,1.8572e+06
4.9e-05,14.201,108.11,1.8589e+06
4.91e-05,14.26,108.3,1.8605e+06
4.92e-05,14.319,108.49,1.8622e+06
4.93e-05,14.378,108.67,1.8639e+06
4.94e-05,14.437,108.86,1.8656e+06
4.95e-05,14.496,109.04,1.8673e+06
4.96e-05,14.555,109.23,1.869e+06
4.97e-05,14.614,109.42,1.8707e+06
4.98e-05,14.673,109.61,1.8725e+06
4.99e-05,14.732,109.79,1.8742e+06
5e-05,14.792,109.92,7.0397e+05
5.01e-05,14.792,109.91,-8.5238e+05
5.02e-05,14.732,109.83,-8.5443e+05
5.03e-05,14.673,109.74,-8.5647e+05
5.04e-05,14.614,109.66,-8.5852e+05
5.05e-05,14.555,109.57,-8.6057e+05
5.06e-05,14.496,109.49,-8.6262e+05
5.07e-05,14.437,109.4,-8.6467e+05
5.08e-05,14.378,109.31,-8.6672e+05
5.09e-05,14.319,109.23,-8.6878e+05
5.1e-05,14.26,109.14,-8.7083e+05
5.11e-05,14.201,109.05,-8.7288e+05
5.12e-05,14.142,108.96,-8.7494e+05
5.13e-05,14.083,108.88,-8.77e+05
5.14e-05,14.024,108.79,-8.7905e+05
5.15e-05,13.965,108.7,-8.8111e+05
5.16e-05,13.906,108.61,-8.8317e+05
5.17e-05,13.847,108.52,-8.8523e+05
5.18e-05,13.788,108.44,-8.8729e+05
5.19e-05,13.729,108.35,-8.8935e+05
5.2e-05,13.67,108.26,-8.9142e+05
5.21e-05,13.611,108.17,-8.9348e+05
5.22e-05,13.552,108.08,-8.9555e+05
5.23e-05,13.493,107.99,-8.9762e+05
5.24e-05,13.434,107.9,-8.9969e+05
5.25e-05,13.375,107.81,-9.0176e+05
5.26e-05,13.316,107.72,-9.0383e+05
5.27e-05,13.257,107.63,-9.0591e+05
5.28e-05,13.198,107.54,-9.0798e+05
5.29e-05,13.139,107.45,-9.1006e+05
5.3e-05,13.08,107.36,-9.1214e+05
5.31e-05,13.021,107.27,-9.1422e+05
5.32e-05,12.962,107.17,-9.163e+05
5.33e-05,12.903,107.08,-9.1839e+05
5.34e-05,12.844,106.99,-9.2047e+05
5.35e-05,12.785,106.9,-9.2256e+05
5.36e-05,12.726,106.81,-9.2465e+05
5.37e-05,12.667,106.71,-9.2675e+05
5.38e-05,12.608,106.62,-9.2884e+05
5.39e-05,12.549,106.53,-9.3094e+05
5.4e-05,12.49,106.43,-9.3304e+05
5.41e-05,12.431,106.34,-9.3515e+05
5.42e-05,12.372,106.25,-9.3725e+05
5.43e-05,12.313,106.15,-9.3936e+05
5.44e-05,12.254,106.06,-9.4148e+05
5.45e-05,12.195,105.96,-9.4359e+05
5.46e-05,12.136,105.87,-9.4571e+05
5.47e-05,12.077,105.78,-9.4783e+05
5.48e-05,12.018,105.68,-9.4996e+05
5.49e-05,11.959,105.59,-9.5209e+05
5.5e-05,11.9,105.49,-9.5422e+05
5.51e-05,11.841,105.39,-9.5635e+05
5.52e-05,11.782,105.3,-9.5849e+05
5.53e-05,11.723,105.2,-9.6064e+05
5.54e-05,11.663,105.11,-9.6279e+05
5.55e-05,11.604,105.01,-9.6494e+05
5.56e-05,11.545,104.91,-9.671e+05
5.57e-05,11.486,104.82,-9.6926e+05
5.58e-05,11.427,104.72,-9.7143e+05
5.59e-05,11.368,104.62,-9.736e+05
5.6e-05,11.309,104.53,-9.7577e+05
5.61e-05,11.25,104.43,-9.7796e+05
5.62e-05,11.191,104.33,-9.8015e+05
5.63e-05,11.132,104.23,-9.8234e+05
5.64e-05,11.073,104.13,-9.8454e+05
5.65e-05,11.014,104.03,-9.8675e+05
5.66e-05,10.955,103.94,-9.8896e+05
5.67e-05,10.896,103.84,-9.9118e+05
5.68e-05,10.837,103.74,-9.934e+05
5.69e-05,10.778,103.64,-9.9564e+05
5.7e-05,10.719,103.54,-9.9788e+05
5.71e-05,10.66,103.44,-1.0001e+06
5.72e-05,10.601,103.34,-1.0024e+06
5.73e-05,10.542,103.24,-1.0046e+06
5.74e-05,10.483,103.14,-1.0069e+06
5.75e-05,10.424,103.04,-1.0092e+06
5.76e-05,10.365,102.94,-1.0115e+06
5.77e-05,10.306,102.83,-1.0138e+06
5.78e-05,10.247,102.73,-1.0161e+06
5.79e-05,10.188,102.63,-1.0184e+06
5.8e-05,10.129,102.53,-1.0208e+06
5.81e-05,10.07,102.43,-1.0231e+06
5.82e-05,10.011,102.32,-1.0255e+06
5.83e-05,9.9519,102.22,-1.0278e+06
5.84e-05,9.8929,102.12,-1.0302e+06
5.85e-05,9.8339,102.02,-1.0326e+06
5.86e-05,9.7749,101.91,-1.035e+06
5.87e-05,9.7158,101.81,-1.0374e+06
5.88e-05,9.6568,101.71,-1.0399e+06
5.89e-05,9.5978,101.6,-1.0423e+06
5.9e-05,9.5388,101.5,-1.0448e+06
5.91e-05,9.4798,101.39,-1.0472e+06
5.92e-05,9.4207,101.29,-1.0497e+06
5.93e-05,9.3617,101.18,-1.0523e+06
5.94e-05,9.3027,101.08,-1.0548e+06
5.95e-05,9.2437,100.97,-1.0573e+06
5.96e-05,9.1847,100.87,-1.0599e+06
5.97e-05,9.1256,100.76,-1.0625e+06
5.98e-05,9.0666,100.65,-1.0651e+06
5.99e-05,9.0076,100.55,-1.0677e+06
6e-05,8.9486,100.44,-1.0704e+06
6.01e-05,8.8896,100.33,-1.073e+06
6.02e-05,8.8306,100.22,-1.0757e+06
6.03e-05,8.7715,100.12,-1.0785e+06
6.04e-05,8.7125,100.01,-1.0812e+06
6.05e-05,8.6535,99.901,-1.084e+06
6.06e-05,8.5945,99.792,-1.0868e+06
6.07e-05,8.5355,99.683,-1.0896e+06
6.08e-05,8.4764,99.574,-1.0924e+06
6.09e-05,8.4174,99.465,-1.0953e+06
6.1e-05,8.3584,99.355,-1.0982e+06
6.11e-05,8.2994,99.245,-1.1012e+06
6.12e-05,8.2404,99.135,-1.1042e+06
6.13e-05,8.1813,99.024,-1.1072e+06
6.14e-05,8.1223,98.913,-1.1102e+06
6.15e-05,8.0633,98.802,-1.1133e+06
6.16e-05,8.0043,98.691,-1.1164e+06
6.17e-05,7.9453,98.579,-1.1196e+06
6.18e-05,7.8862,98.467,-1.1228e+06
6.19e-05,7.8272,98.354,-1.1261e+06
6.2e-05,7.7682,98.242,-1.1294e+06
6.21e-05,7.7092,98.129,-1.1327e+06
6.22e-05,7.6502,98.015,-1.1361e+06
6.23e-05,7.5911,97.901,-1.1395e+06
6.24e-05,7.5321,97.787,-1.143e+06
6.25e-05,7.4731,97.673,-1.1465e+06
6.26e-05,7.4141,97.558,-1.1501e+06
6.27e-05,7.3551,97.443,-1.1538e+06
6.28e-05,7.296,97.327,-1.1575e+06
6.29e-05,7.237,97.211,-1.1613e+06
6.3e-05,7.178,97.095,-1.1651e+06
6.31e-05,7.119,96.978,-1.169e+06
6.32e-05,7.06,96.861,-1.1729e+06
6.33e-05,7.0009,96.744,-1.177e+06
6.34e-05,6.9419,96.626,-1.1811e+06
6.35e-05,6.8829,96.507,-1.1853e+06
6.36e-05,6.8239,96.389,-1.1895e+06
6.37e-05,6.7649,96.269,-1.1938e+06
6.38e-05,6.7059,96.15,-1.1983e+06
6.39e-05,6.6468,96.03,-1.2028e+06
6.4e-05,6.5878,95.909,-1.2073e+06
6.41e-05,6.5288,95.788,-1.212e+06
6.42e-05,6.4698,95.667,-1.2168e+06
6.43e-05,6.4108,95.545,-1.2217e+06
6.44e-05,6.3517,95.423,-1.2267e+06
6.45e-05,6.2927,95.3,-1.2317e+06
6.46e-05,6.2337,95.176,-1.2369e+06
6.47e-05,6.1747,95.052,-1.2422e+06
6.48e-05,6.1157,94.928,-1.2477e+06
6.49e-05,6.0566,94.803,-1.2532e+06
6.5e-05,5.9976,94.677,-1.2589e+06
6.51e-05,5.9386,94.551,-1.2646e+06
6.52e-05,5.8796,94.424,-1.2706e+06
6.53e-05,5.8206,94.297,-1.2766e+06
6.54e-05,5.7615,94.169,-1.2828e+06
6.55e-05,5.7025,94.04,-1.2892e+06
6.56e-05,5.6435,93.911,-1.2957e+06
6.57e-05,5.5845,93.781,-1.3024e+06
6.58e-05,5.5255,93.65,-1.3092e+06
6.59e-05,5.4664,93.519,-1.3162e+06
6.6e-05,5.4074,93.387,-1.3233e+06
6.61e-05,5.3484,93.255,-1.3307e+06
6.62e-05,5.2894,93.121,-1.3382e+06
6.63e-05,5.2304,92.987,-1.3459e+06
6.64e-05,5.1713,92.852,-1.3539e+06
6.65e-05,5.1123,92.716,-1.362e+06
6.66e-05,5.0533,92.579,-1.3703e+06
6.67e-05,4.9943,92.442,-1.3789e+06
6.68e-05,4.9353,92.304,-1.3877e+06
6.69e-05,4.8763,92.164,-1.3967e+06
6.7e-05,4.8172,92.024,-1.4059e+06
6.71e-05,4.7582,91.883,-1.4154e+06
6.72e-05,4.6992,91.741,-1.4252e+06
6.73e-05,4.6402,91.598,-1.4352e+06
6.74e-05,4.5812,91.454,-1.4455e+06
6.75e-05,4.5221,91.309,-1.4561e+06
6.76e-05,4.4631,91.163,-1.467e+06
6.77e-05,4.4041,91.016,-1.4781e+06
6.78e-05,4.3451,90.867,-1.4896e+06
6.79e-05,4.2861,90.718,-1.5014e+06
6.8e-05,4.227,90.567,-1.5135e+06
6.81e-05,4.168,90.415,-1.526e+06
6.82e-05,4.109,90.262,-1.5388e+06
6.83e-05,4.05,90.107,-1.5519e+06
6.84e-05,3.991,89.951,-1.5655e+06
6.85e-05,3.9319,89.794,-1.5794e+06
6.86e-05,3.8729,89.635,-1.5937e+06
6.87e-05,3.8139,89.475,-1.6084e+06
6.88e-05,3.7549,89.314,-1.6235e+06
6.89e-05,3.6959,89.151,-1.639e+06
6.9e-05,3.6368,88.986,-1.655e+06
6.91e-05,3.5778,88.82,-1.6714e+06
6.92e-05,3.5188,88.652,-1.6883e+06
6.93e-05,3.4598,88.482,-1.7057e+06
6.94e-05,3.4008,88.31,-1.7235e+06
6.95e-05,3.3417,88.137,-1.7418e+06
6.96e-05,3.2827,87.962,-1.7607e+06
6.97e-05,3.2237,87.785,-1.78e+06
6.98e-05,3.1647,87.606,-1.7999e+06
6.99e-05,3.1057,87.425,-1.8204e+06
7e-05,3.0466,87.242,-1.8414e+06
7.01e-05,2.9876,87.057,-1.863e+06
7.02e-05,2.9286,86.869,-1.8852e+06
7.03e-05,2.8696,86.68,-1.908e+06
7.04e-05,2.8106,86.488,-1.9314e+06
7.05e-05,2.7516,86.293,-1.9554e+06
7.06e-05,2.6925,86.097,-1.9801e+06
7.07e-05,2.6335,85.897,-2.0054e+06
7.08e-05,2.5745,85.695,-2.0314e+06
7.09e-05,2.5155,85.491,-2.058e+06
7.1e-05,2.4565,85.284,-2.0854e+06
7.11e-05,2.3974,85.074,-2.1134e+06
7.12e-05,2.3384,84.861,-2.1422e+06
7.13e-05,2.2794,84.645,-2.1717e+06
7.14e-05,2.2204,84.427,-2.2019e+06
7.15e-05,2.1614,84.205,-2.2329e+06
7.16e-05,2.1023,83.98,-2.2646e+06
7.17e-05,2.0433,83.752,-2.2971e+06
7.18e-05,1.9843,83.521,-2.3304e+06
7.19e-05,1.9253,83.286,-2.3645e+06
7.2e-05,1.8663,83.048,-2.3993e+06
7.21e-05,1.8072,82.806,-2.4349e+06
7.22e-05,1.7482,82.561,-2.4713e+06
7.23e-05,1.6892,82.312,-2.5085e+06
7.24e-05,1.6302,82.059,-2.5465e+06
7.25e-05,1.5712,81.802,-2.5854e+06
7.26e-05,1.5121,81.542,-2.625e+06
7.27e-05,1.4531,81.277,-2.6654e+06
7.28e-05,1.3941,81.009,-2.7066e+06
7.29e-05,1.3351,80.736,-2.7486e+06
7.3e-05,1.2761,80.459,-2.7914e+06
7.31e-05,1.217,80.178,-2.835e+06
7.32e-05,1.158,79.892,-2.8793e+06
7.33e-05,1.099,79.602,-2.9244e+06
7.34e-05,1.04,79.307,-2.9702e+06
7.35e-05,0.98097,79.008,-3.0168e+06
7.36e-05,0.92195,78.704,-3.064e+06
7.37e-05,0.86293,78.395,-3.112e+06
7.38e-05,0.80391,78.081,-3.1606e+06
7.39e-05,0.74489,77.763,-3.2098e+06
7.4e-05,0.68587,77.439,-3.2596e+06
7.41e-05,0.62685,77.111,-3.31e+06
7.42e-05,0.56783,76.777,-3.361e+06
7.43e-05,0.50881,76.438,-3.4124e+06
7.44e-05,0.44979,76.095,-3.4643e+06
7.45e-05,0.39077,75.746,-3.5166e+06
7.46e-05,0.33175,75.391,-3.5693e+06
7.47e-05,0.27274,75.032,-3.6223e+06
7.48e-05,0.21372,74.667,-3.6755e+06
7.49e-05,0.1547,74.297,-3.729e+06
7.5e-05,0.095677,73.921,-3.7826e+06
7.51e-05,0.036658,73.54,-3.8364e+06
7.52e-05,-0.022362,73.154,-3.8901e+06
7.53e-05,-0.081381,72.762,-3.9439e+06
7.54e-05,-0.1404,72.365,-3.9975e+06
7.55e-05,-0.19942,71.963,-4.0509e+06
7.56e-05,-0.25844,71.555,-4.1041e+06
7.57e-05,-0.31746,71.142,-4.157e+06
7.58e-05,-0.37648,70.723,-4.2095e+06
7.59e-05,-0.4355,70.3,-4.2614e+06
7.6e-05,-0.49452,69.871,-4.3129e+06
7.61e-05,-0.55354,69.437,-4.3636e+06
7.62e-05,-0.61256,68.998,-4.4136e+06
7.63e-05,-0.67158,68.555,-4.4628e+06
7.64e-05,-0.73059,68.106,-4.5111e+06
7.65e-05,-0.78961,67.652,-4.5584e+06
7.66e-05,-0.84863,67.194,-4.6046e+06
7.67e-05,-0.90765,66.732,-4.6496e+06
7.68e-05,-0.96667,66.264,-4.6934e+06
7.69e-05,-1.0257,65.793,-4.7358e+06
7.7e-05,-1.0847,65.317,-4.7768e+06
7.71e-05,-1.1437,64.838,-4.8163e+06
7.72e-05,-1.2028,64.354,-4.8541e+06
7.73e-05,-1.2618,63.867,-4.8903e+06
7.74e-05,-1.3208,63.376,-4.9248e+06
7.75e-05,-1.3798,62.882,-4.9574e+06
7.76e-05,-1.4388,62.385,-4.988e+06
7.77e-05,-1.4978,61.885,-5.0168e+06
7.78e-05,-1.5569,61.382,-5.0434e+06
7.79e-05,-1.6159,60.876,-5.068e+06
7.8e-05,-1.6749,60.368,-5.0904e+06
7.81e-05,-1.7339,59.858,-5.1107e+06
7.82e-05,-1.7929,59.346,-5.1287e+06
7.83e-05,-1.852,58.832,-5.1444e+06
7.84e-05,-1.911,58.317,-5.1577e+06
7.85e-05,-1.97,57.801,-5.1687e+06
7.86e-05,-2.029,57.284,-5.1774e+06
7.87e-05,-2.088,56.766,-5.1836e+06
7.88e-05,-2.1471,56.247,-5.1875e+06
7.89e-05,-2.2061,55.728,-5.189e+06
7.9e-05,-2.2651,55.209,-5.188e+06
7.91e-05,-2.3241,54.691,-5.1847e+06
7.92e-05,-2.3831,54.173,-5.1789e+06
7.93e-05,-2.4422,53.655,-5.1708e+06
7.94e-05,-2.5012,53.139,-5.1604e+06
7.95e-05,-2.5602,52.623,-5.1477e+06
7.96e-05,-2.6192,52.109,-5.1326e+06
7.97e-05,-2.6782,51.597,-5.1154e+06
7.98e-05,-2.7373,51.086,-5.096e+06
7.99e-05,-2.7963,50.578,-5.0745e+06
8e-05,-2.8553,50.071,-5.0508e+06
8.01e-05,-2.9143,49.568,-5.0252e+06
8.02e-05,-2.9733,49.066,-4.9977e+06
8.03e-05,-3.0324,48.568,-4.9683e+06
8.04e-05,-3.0914,48.073,-4.937e+06
8.05e-05,-3.1504,47.581,-4.9041e+06
8.06e-05,-3.2094,47.092,-4.8695e+06
8.07e-05,-3.2684,46.607,-4.8334e+06
8.08e-05,-3.3274,46.126,-4.7957e+06
8.09e-05,-3.3865,45.648,-4.7567e+06
8.1e-05,-3.4455,45.174,-4.7164e+06
8.11e-05,-3.5045,44.705,-4.6748e+06
8.12e-05,-3.5635,44.239,-4.6322e+06
8.13e-05,-3.6225,43.778,-4.5884e+06
8.14e-05,-3.6816,43.322,-4.5437e+06
8.15e-05,-3.7406,42.87,-4.4982e+06
8.16e-05,-3.7996,42.422,-4.4519e+06
8.17e-05,-3.8586,41.979,-4.4048e+06
8.18e-05,-3.9176,41.541,-4.3572e+06
8.19e-05,-3.9767,41.108,-4.309e+06
8.2e-05,-4.0357,40.679,-4.2604e+06
8.21e-05,-4.0947,40.256,-4.2114e+06
8.22e-05,-4.1537,39.837,-4.1622e+06
8.23e-05,-4.2127,39.423,-4.1127e+06
8.24e-05,-4.2718,39.015,-4.0631e+06
8.25e-05,-4.3308,38.611,-4.0134e+06
8.26e-05,-4.3898,38.212,-3.9637e+06
8.27e-05,-4.4488,37.818,-3.914e+06
8.28e-05,-4.5078,37.429,-3.8645e+06
8.29e-05,-4.5669,37.045,-3.8152e+06
8.3e-05,-4.6259,36.666,-3.7661e+06
8.31e-05,-4.6849,36.292,-3.7173e+06
8.32e-05,-4.7439,35.923,-3.6689e+06
8.33e-05,-4.8029,35.558,-3.6208e+06
8.34e-05,-4.862,35.198,-3.5732e+06
8.35e-05,-4.921,34.843,-3.5261e+06
8.36e-05,-4.98,34.493,-3.4794e+06
8.37e-05,-5.039,34.148,-3.4334e+06
8.38e-05,-5.098,33.806,-3.3879e+06
8.39e-05,-5.1571,33.47,-3.343e+06
8.4e-05,-5.2161,33.138,-3.2988e+06
8.41e-05,-5.2751,32.81,-3.2552e+06
8.42e-05,-5.3341,32.487,-3.2124e+06
8.43e-05,-5.3931,32.168,-3.1702e+06
8.44e-05,-5.4521,31.853,-3.1288e+06
8.45e-05,-5.5112,31.542,-3.0881e+06
8.46e-05,-5.5702,31.235,-3.0482e+06
8.47e-05,-5.6292,30.932,-3.0091e+06
8.48e-05,-5.6882,30.633,-2.9707e+06
8.49e-05,-5.7472,30.338,-2.9332e+06
8.5e-05,-5.8063,30.046,-2.8964e+06
8.51e-05,-5.8653,29.759,-2.8604e+06
8.52e-05,-5.9243,29.474,-2.8252e+06
8.53e-05,-5.9833,29.194,-2.7908e+06
8.54e-05,-6.0423,28.916,-2.7573e+06
8.55e-05,-6.1014,28.642,-2.7245e+06
8.56e-05,-6.1604,28.371,-2.6925e+06
8.57e-05,-6.2194,28.103,-2.6613e+06
8.58e-05,-6.2784,27.839,-2.6309e+06
8.59e-05,-6.3374,27.577,-2.6013e+06
8.6e-05,-6.3965,27.319,-2.5725e+06
8.61e-05,-6.4555,27.063,-2.5444e+06
8.62e-05,-6.5145,26.81,-2.5171e+06
8.63e-05,-6.5735,26.559,-2.4905e+06
8.64e-05,-6.6325,26.312,-2.4647e+06
8.65e-05,-6.6916,26.066,-2.4396e+06
8.66e-05,-6.7506,25.824,-2.4153e+06
8.67e-05,-6.8096,25.583,-2.3916e+06
8.68e-05,-6.8686,25.345,-2.3686e+06
8.69e-05,-6.9276,25.109,-2.3464e+06
8.7e-05,-6.9867,24.876,-2.3248e+06
8.71e-05,-7.0457,24.644,-2.3038e+06
8.72e-05,-7.1047,24.415,-2.2835e+06
8.73e-05,-7.1637,24.188,-2.2638e+06
8.74e-05,-7.2227,23.962,-2.2448e+06
8.75e-05,-7.2818,23.739,-2.2264e+06
8.76e-05,-7.3408,23.517,-2.2085e+06
8.77e-05,-7.3998,23.297,-2.1913e+06
8.78e-05,-7.4588,23.079,-2.1746e+06
8.79e-05,-7.5178,22.862,-2.1584e+06
8.8e-05,-7.5768,22.647,-2.1429e+06
8.81e-05,-7.6359,22.433,-2.1278e+06
8.82e-05,-7.6949,22.221,-2.1133e+06
8.83e-05,-7.7539,22.011,-2.0992e+06
8.84e-05,-7.8129,21.802,-2.0857e+06
8.85e-05,-7.8719,21.594,-2.0726e+06
8.86e-05,-7.931,21.387,-2.06e+06
8.87e-05,-7.99,21.182,-2.0478e+06
8.88e-05,-8.049,20.977,-2.0361e+06
8.89e-05,-8.108,20.774,-2.0249e+06
8.9e-05,-8.167,20.572,-2.014e+06
8.91e-05,-8.2261,20.372,-2.0036e+06
8.92e-05,-8.2851,20.172,-1.9935e+06
8.93e-05,-8.3441,19.973,-1.9838e+06
8.94e-05,-8.4031,19.775,-1.9745e+06
8.95e-05,-8.4621,19.578,-1.9656e+06
8.96e-05,-8.5212,19.382,-1.957e+06
8.97e-05,-8.5802,19.186,-1.9488e+06
8.98e-05,-8.6392,18.992,-1.9409e+06
8.99e-05,-8.6982,18.798,-1.9333e+06
9e-05,-8.7572,18.605,-1.926e+06
9.01e-05,-8.8163,18.413,-1.9191e+06
9.02e-05,-8.8753,18.221,-1.9124e+06
9.03e-05,-8.9343,18.031,-1.906e+06
9.04e-05,-8.9933,17.84,-1.8999e+06
9.05e-05,-9.0523,17.651,-1.8941e+06
9.06e-05,-9.1114,17.461,-1.8885e+06
9.07e-05,-9.1704,17.273,-1.8832e+06
9.08e-05,-9.2294,17.085,-1.8781e+06
9.09e-05,-9.2884,16.897,-1.8732e+06
9.1e-05,-9.3474,16.71,-1.8686e+06
9.11e-05,-9.4064,16.523,-1.8642e+06
9.12e-05,-9.4655,16.337,-1.8601e+06
9.13e-05,-9.5245,16.151,-1.8561e+06
9.14e-05,-9.5835,15.966,-1.8523e+06
9.15e-05,-9.6425,15.781,-1.8487e+06
9.16e-05,-9.7015,15.596,-1.8454e+06
9.17e-05,-9.7606,15.412,-1.8422e+06
9.18e-05,-9.8196,15.228,-1.8391e+06
9.19e-05,-9.8786,15.044,-1.8363e+06
9.2e-05,-9.9376,14.861,-1.8336e+06
9.21e-05,-9.9966,14.677,-1.8311e+06
9.22e-05,-10.056,14.494,-1.8287e+06
9.23e-05,-10.115,14.312,-1.8265e+06
9.24e-05,-10.174,14.129,-1.8244e+06
9.25e-05,-10.233,13.947,-1.8224e+06
9.26e-05,-10.292,13.765,-1.8206e+06
9.27e-05,-10.351,13.583,-1.819e+06
9.28e-05,-10.41,13.401,-1.8174e+06
9.29e-05,-10.469,13.219,-1.816e+06
9.3e-05,-10.528,13.038,-1.8147e+06
9.31e-05,-10.587,12.856,-1.8135e+06
9.32e-05,-10.646,12.675,-1.8124e+06
9.33e-05,-10.705,12.494,-1.8114e+06
9.34e-05,-10.764,12.313,-1.8106e+06
9.35e-05,-10.823,12.132,-1.8098e+06
9.36e-05,-10.882,11.951,-1.8091e+06
9.37e-05,-10.941,11.77,-1.8085e+06
9.38e-05,-11,11.589,-1.8081e+06
9.39e-05,-11.059,11.408,-1.8077e+06
9.4e-05,-11.118,11.227,-1.8073e+06
9.41e-05,-11.177,11.047,-1.8071e+06
9.42e-05,-11.236,10.866,-1.8069e+06
9.43e-05,-11.295,10.685,-1.8068e+06
9.44e-05,-11.354,10.505,-1.8068e+06
9.45e-05,-11.413,10.324,-1.8069e+06
9.46e-05,-11.472,10.143,-1.807e+06
9.47e-05,-11.531,9.9624,-1.8072e+06
9.48e-05,-11.59,9.7817,-1.8075e+06
9.49e-05,-11.649,9.6009,-1.8078e+06
9.5e-05,-11.708,9.4202,-1.8082e+06
9.51e-05,-11.767,9.2393,-1.8086e+06
9.52e-05,-11.826,9.0584,-1.8091e+06
9.53e-05,-11.885,8.8775,-1.8096e+06
9.54e-05,-11.944,8.6965,-1.8102e+06
9.55e-05,-12.003,8.5154,-1.8109e+06
9.56e-05,-12.062,8.3343,-1.8116e+06
9.57e-05,-12.121,8.1531,-1.8123e+06
9.58e-05,-12.18,7.9718,-1.8131e+06
9.59e-05,-12.239,7.7905,-1.8139e+06
9.6e-05,-12.298,7.6091,-1.8148e+06
9.61e-05,-12.357,7.4275,-1.8157e+06
9.62e-05,-12.416,7.2459,-1.8167e+06
9.63e-05,-12.475,7.0642,-1.8177e+06
9.64e-05,-12.534,6.8824,-1.8187e+06
9.65e-05,-12.593,6.7005,-1.8197e+06
9.66e-05,-12.653,6.5184,-1.8208e+06
9.67e-05,-12.712,6.3363,-1.822e+06
9.68e-05,-12.771,6.154,-1.8231e+06
9.69e-05,-12.83,5.9717,-1.8243e+06
9.7e-05,-12.889,5.7892,-1.8255e+06
9.71e-05,-12.948,5.6066,-1.8268e+06
9.72e-05,-13.007,5.4238,-1.828e+06
9.73e-05,-13.066,5.241,-1.8293e+06
9.74e-05,-13.125,5.058,-1.8307e+06
9.75e-05,-13.184,4.8748,-1.832e+06
9.76e-05,-13.243,4.6916,-1.8334e+06
9.77e-05,-13.302,4.5081,-1.8348e+06
9.78e-05,-13.361,4.3246,-1.8362e+06
9.79e-05,-13.42,4.1409,-1.8376e+06
9.8e-05,-13.479,3.9571,-1.8391e+06
9.81e-05,-13.538,3.7731,-1.8406e+06
9.82e-05,-13.597,3.589,-1.8421e+06
9.83e-05,-13.656,3.4047,-1.8436e+06
9.84e-05,-13.715,3.2202,-1.8451e+06
9.85e-05,-13.774,3.0356,-1.8467e+06
9.86e-05,-13.833,2.8509,-1.8483e+06
9.87e-05,-13.892,2.666,-1.8498e+06
9.88e-05,-13.951,2.4809,-1.8514e+06
9.89e-05,-14.01,2.2957,-1.8531e+06
9.9e-05,-14.069,2.1103,-1.8547e+06
9.91e-05,-14.128,1.9248,-1.8563e+06
9.92e-05,-14.187,1.739,-1.858e+06
9.93e-05,-14.246,1.5532,-1.8597e+06
9.94e-05,-14.305,1.3671,-1.8613e+06
9.95e-05,-14.364,1.1809,-1.863e+06
9.96e-05,-14.423,0.99451,-1.8647e+06
9.97e-05,-14.482,0.80794,-1.8665e+06
9.98e-05,-14.541,0.62121,-1.8682e+06
9.99e-05,-14.6,0.4343,-1.8699e+06
0.0001,-14.659,0.24722,-1.8717e+06
0.0001001,-14.718,0.059954,-1.8737e+06
