0,-24.041,0,-1.9137e+06
1e-07,-23.944,-0.19069,-1.9002e+06
2e-07,-23.847,-0.38004,-1.8867e+06
3e-07,-23.751,-0.56804,-1.8733e+06
4e-07,-23.654,-0.7547,-1.8598e+06
5e-07,-23.557,-0.94,-1.8464e+06
6e-07,-23.46,-1.124,-1.8329e+06
7e-07,-23.364,-1.3066,-1.8194e+06
8e-07,-23.267,-1.4879,-1.806e+06
9e-07,-23.17,-1.6678,-1.7925e+06
1e-06,-23.073,-1.8463,-1.779e+06
1.1e-06,-22.977,-2.0236,-1.7656e+06
1.2e-06,-22.88,-2.1995,-1.7521e+06
1.3e-06,-22.783,-2.374,-1.7386e+06
1.4e-06,-22.686,-2.5472,-1.7252e+06
1.5e-06,-22.59,-2.719,-1.7117e+06
1.6e-06,-22.493,-2.8895,-1.6982e+06
1.7e-06,-22.396,-3.0587,-1.6847e+06
1.8e-06,-22.299,-3.2265,-1.6713e+06
1.9e-06,-22.203,-3.3929,-1.6578e+06
2e-06,-22.106,-3.558,-1.6443e+06
2.1e-06,-22.009,-3.7218,-1.6308e+06
2.2e-06,-21.912,-3.8842,-1.6174e+06
2.3e-06,-21.816,-4.0453,-1.6039e+06
2.4e-06,-21.719,-4.205,-1.5904e+06
2.5e-06,-21.622,-4.3633,-1.5769e+06
2.6e-06,-21.525,-4.5203,-1.5634e+06
2.7e-06,-21.429,-4.676,-1.5499e+06
2.8e-06,-21.332,-4.8303,-1.5365e+06
2.9e-06,-21.235,-4.9833,-1.523e+06
3e-06,-21.138,-5.1349,-1.5095e+06
3.1e-06,-21.042,-5.2852,-1.496e+06
3.2e-06,-20.945,-5.4341,-1.4825e+06
3.3e-06,-20.848,-5.5817,-1.469e+06
3.4e-06,-20.751,-5.7279,-1.4555e+06
3.5e-06,-20.655,-5.8728,-1.442e+06
3.6e-06,-20.558,-6.0163,-1.4285e+06
3.7e-06,-20.461,-6.1585,-1.415e+06
3.8e-06,-20.364,-6.2993,-1.4015e+06
3.9e-06,-20.268,-6.4388,-1.388e+06
4e-06,-20.171,-6.5769,-1.3745e+06
4.1e-06,-20.074,-6.7137,-1.361e+06
4.2e-06,-19.977,-6.8491,-1.3474e+06
4.3e-06,-19.881,-6.9832,-1.3339e+06
4.4e-06,-19.784,-7.1159,-1.3204e+06
4.5e-06,-19.687,-7.2473,-1.3069e+06
4.6e-06,-19.59,-7.3773,-1.2933e+06
4.7e-06,-19.494,-7.5059,-1.2798e+06
4.8e-06,-19.397,-7.6332,-1.2663e+06
4.9e-06,-19.3,-7.7592,-1.2527e+06
5e-06,-19.203,-7.8838,-1.2392e+06
5.1e-06,-19.107,-8.007,-1.2257e+06
5.2e-06,-19.01,-8.1289,-1.2121e+06
5.3e-06,-18.913,-8.2494,-1.1986e+06
5.4e-06,-18.816,-8.3686,-1.185e+06
5.5e-06,-18.72,-8.4864,-1.1715e+06
5.6e-06,-18.623,-8.6029,-1.1579e+06
5.7e-06,-18.526,-8.718,-1.1443e+06
5.8e-06,-18.429,-8.8318,-1.1308e+06
5.9e-06,-18.333,-8.9442,-1.1172e+06
6e-06,-18.236,-9.0552,-1.1036e+06
6.1e-06,-18.139,-9.1649,-1.09e+06
6.2e-06,-18.042,-9.2732,-1.0764e+06
6.3e-06,-17.946,-9.3802,-1.0628e+06
6.4e-06,-17.849,-9.4858,-1.0492e+06
6.5e-06,-17.752,-9.59,-1.0356e+06
6.6e-06,-17.655,-9.6929,-1.022e+06
6.7e-06,-17.559,-9.7944,-1.0084e+06
6.8e-06,-17.462,-9.8946,-9.9474e+05
6.9e-06,-17.365,-9.9934,-9.8111e+05
7e-06,-17.268,-10.091,-9.6747e+05
7.1e-06,-17.171,-10.187,-9.5382e+05
7.2e-06,-17.075,-10.282,-9.4016e+05
7.3e-06,-16.978,-10.375,-9.265e+05
7.4e-06,-16.881,-10.467,-9.1282e+05
7.5e-06,-16.784,-10.557,-8.9914e+05
7.6e-06,-16.688,-10.647,-8.8545e+05
7.7e-06,-16.591,-10.735,-8.7175e+05
7.8e-06,-16.494,-10.821,-8.5805e+05
7.9e-06,-16.397,-10.906,-8.4433e+05
8e-06,-16.301,-10.99,-8.306e+05
8.1e-06,-16.204,-11.072,-8.1686e+05
8.2e-06,-16.107,-11.153,-8.0311e+05
8.3e-06,-16.01,-11.233,-7.8935e+05
8.4e-06,-15.914,-11.311,-7.7558e+05
8.5e-06,-15.817,-11.388,-7.6179e+05
8.6e-06,-15.72,-11.464,-7.4799e+05
8.7e-06,-15.623,-11.538,-7.3418e+05
8.8e-06,-15.527,-11.61,-7.2036e+05
8.9e-06,-15.43,-11.682,-7.0652e+05
9e-06,-15.333,-11.752,-6.9267e+05
9.1e-06,-15.236,-11.82,-6.788e+05
9.2e-06,-15.14,-11.887,-6.6492e+05
9.3e-06,-15.043,-11.953,-6.5102e+05
9.4e-06,-14.946,-12.018,-6.371e+05
9.5e-06,-14.849,-12.081,-6.2316e+05
9.6e-06,-14.753,-12.142,-6.0921e+05
9.7e-06,-14.656,-12.202,-5.9524e+05
9.8e-06,-14.559,-12.261,-5.8125e+05
9.9e-06,-14.462,-12.319,-5.6724e+05
1e-05,-14.366,-12.375,-5.5321e+05
1.01e-05,-14.269,-12.429,-5.3915e+05
1.02e-05,-14.172,-12.483,-5.2508e+05
1.03e-05,-14.075,-12.534,-5.1098e+05
1.04e-05,-13.979,-12.585,-4.9685e+05
1.05e-05,-13.882,-12.634,-4.827e+05
1.06e-05,-13.785,-12.681,-4.6853e+05
1.07e-05,-13.688,-12.727,-4.5433e+05
1.08e-05,-13.592,-12.772,-4.401e+05
1.09e-05,-13.495,-12.815,-4.2584e+05
1.1e-05,-13.398,-12.857,-4.1155e+05
1.11e-05,-13.301,-12.898,-3.9723e+05
1.12e-05,-13.205,-12.937,-3.8288e+05
1.13e-05,-13.108,-12.974,-3.6849e+05
1.14e-05,-13.011,-13.01,-3.5407e+05
1.15e-05,-12.914,-13.045,-3.3961e+05
1.16e-05,-12.818,-13.078,-3.2512e+05
1.17e-05,-12.721,-13.11,-3.1059e+05
1.18e-05,-12.624,-13.14,-2.9601e+05
1.19e-05,-12.527,-13.169,-2.814e+05
1.2e-05,-12.431,-13.197,-2.6674e+05
1.21e-05,-12.334,-13.223,-2.5204e+05
1.22e-05,-12.237,-13.247,-2.3729e+05
1.23e-05,-12.14,-13.27,-2.2249e+05
1.24e-05,-12.044,-13.292,-2.0765e+05
1.25e-05,-11.947,-13.312,-1.9275e+05
1.26e-05,-11.85,-13.33,-1.778e+05
1.27e-05,-11.753,-13.347,-1.6279e+05
1.28e-05,-11.657,-13.363,-1.4773e+05
1.29e-05,-11.56,-13.377,-1.326e+05
1.3e-05,-11.463,-13.389,-1.1742e+05
1.31e-05,-11.366,-13.4,-1.0217e+05
1.32e-05,-11.27,-13.41,-86852
1.33e-05,-11.173,-13.418,-71469
1.34e-05,-11.076,-13.424,-56013
1.35e-05,-10.979,-13.429,-40485
1.36e-05,-10.883,-13.432,-24880
1.37e-05,-10.786,-13.434,-9195.7
1.38e-05,-10.689,-13.434,6570.3
1.39e-05,-10.592,-13.432,22421
1.4e-05,-10.496,-13.429,38360
1.41e-05,-10.399,-13.425,54390
1.42e-05,-10.302,-13.419,70514
1.43e-05,-10.205,-13.411,86736
1.44e-05,-10.109,-13.401,1.0306e+05
1.45e-05,-10.012,-13.39,1.1949e+05
1.46e-05,-9.9152,-13.377,1.3602e+05
1.47e-05,-9.8185,-13.363,1.5267e+05
1.48e-05,-9.7217,-13.347,1.6944e+05
1.49e-05,-9.625,-13.329,1.8632e+05
1.5e-05,-9.5282,-13.31,2.0333e+05
1.51e-05,-9.4315,-13.288,2.2047e+05
1.52e-05,-9.3347,-13.265,2.3775e+05
1.53e-05,-9.238,-13.241,2.5516e+05
1.54e-05,-9.1412,-13.214,2.7271e+05
1.55e-05,-9.0445,-13.186,2.9042e+05
1.56e-05,-8.9477,-13.156,3.0828e+05
1.57e-05,-8.851,-13.125,3.2629e+05
1.58e-05,-8.7542,-13.091,3.4447e+05
1.59e-05,-8.6575,-13.056,3.6282e+05
1.6e-05,-8.5607,-13.018,3.8135e+05
1.61e-05,-8.464,-12.979,4.0006e+05
1.62e-05,-8.3672,-12.938,4.1896e+05
1.63e-05,-8.2705,-12.896,4.3805e+05
1.64e-05,-8.1737,-12.851,4.5735e+05
1.65e-05,-8.077,-12.804,4.7685e+05
1.66e-05,-7.9802,-12.755,4.9657e+05
1.67e-05,-7.8835,-12.705,5.1651e+05
1.68e-05,-7.7867,-12.652,5.3668e+05
1.69e-05,-7.69,-12.597,5.5709e+05
1.7e-05,-7.5932,-12.541,5.7775e+05
1.71e-05,-7.4965,-12.482,5.9866e+05
1.72e-05,-7.3997,-12.421,6.1984e+05
1.73e-05,-7.303,-12.358,6.4128e+05
1.74e-05,-7.2062,-12.293,6.6301e+05
1.75e-05,-7.1095,-12.225,6.8503e+05
1.76e-05,-7.0127,-12.156,7.0734e+05
1.77e-05,-6.916,-12.084,7.2997e+05
1.78e-05,-6.8192,-12.01,7.5291e+05
1.79e-05,-6.7225,-11.933,7.7619e+05
1.8e-05,-6.6257,-11.854,7.998e+05
1.81e-05,-6.529,-11.773,8.2377e+05
1.82e-05,-6.4322,-11.69,8.481e+05
1.83e-05,-6.3355,-11.604,8.728e+05
1.84e-05,-6.2387,-11.515,8.9788e+05
1.85e-05,-6.142,-11.424,9.2337e+05
1.86e-05,-6.0452,-11.33,9.4926e+05
1.87e-05,-5.9485,-11.234,9.7557e+05
1.88e-05,-5.8517,-11.135,1.0023e+06
1.89e-05,-5.755,-11.034,1.0295e+06
1.9e-05,-5.6582,-10.929,1.0572e+06
1.91e-05,-5.5615,-10.822,1.0853e+06
1.92e-05,-5.4647,-10.712,1.1139e+06
1.93e-05,-5.368,-10.599,1.143e+06
1.94e-05,-5.2712,-10.484,1.1727e+06
1.95e-05,-5.1745,-10.365,1.2028e+06
1.96e-05,-5.0777,-10.243,1.2335e+06
1.97e-05,-4.981,-10.118,1.2648e+06
1.98e-05,-4.8842,-9.99,1.2967e+06
1.99e-05,-4.7875,-9.8587,1.3291e+06
2e-05,-4.6907,-9.7241,1.3621e+06
2.01e-05,-4.594,-9.5862,1.3958e+06
2.02e-05,-4.4972,-9.4449,1.4301e+06
2.03e-05,-4.4005,-9.3002,1.4651e+06
2.04e-05,-4.3037,-9.1519,1.5007e+06
2.05e-05,-4.207,-9,1.537e+06
2.06e-05,-4.1102,-8.8444,1.574e+06
2.07e-05,-4.0135,-8.6851,1.6118e+06
2.08e-05,-3.9167,-8.522,1.6502e+06
2.09e-05,-3.82,-8.3551,1.6895e+06
2.1e-05,-3.7232,-8.1841,1.7294e+06
2.11e-05,-3.6265,-8.0091,1.7702e+06
2.12e-05,-3.5297,-7.83,1.8118e+06
2.13e-05,-3.433,-7.6467,1.8541e+06
2.14e-05,-3.3362,-7.4592,1.8973e+06
2.15e-05,-3.2395,-7.2672,1.9414e+06
2.16e-05,-3.1427,-7.0708,1.9863e+06
2.17e-05,-3.046,-6.8699,2.032e+06
2.18e-05,-2.9492,-6.6644,2.0787e+06
2.19e-05,-2.8525,-6.4542,2.1262e+06
2.2e-05,-2.7557,-6.2391,2.1746e+06
2.21e-05,-2.659,-6.0192,2.224e+06
2.22e-05,-2.5622,-5.7943,2.2743e+06
2.23e-05,-2.4655,-5.5643,2.3255e+06
2.24e-05,-2.3687,-5.3291,2.3776e+06
2.25e-05,-2.272,-5.0887,2.4307e+06
2.26e-05,-2.1752,-4.8429,2.4848e+06
2.27e-05,-2.0785,-4.5917,2.5398e+06
2.28e-05,-1.9817,-4.3349,2.5958e+06
2.29e-05,-1.885,-4.0725,2.6527e+06
2.3e-05,-1.7882,-3.8043,2.7107e+06
2.31e-05,-1.6915,-3.5303,2.7695e+06
2.32e-05,-1.5947,-3.2504,2.8293e+06
2.33e-05,-1.498,-2.9644,2.8901e+06
2.34e-05,-1.4012,-2.6723,2.9518e+06
2.35e-05,-1.3045,-2.374,3.0144e+06
2.36e-05,-1.2077,-2.0694,3.078e+06
2.37e-05,-1.111,-1.7584,3.1424e+06
2.38e-05,-1.0142,-1.4409,3.2077e+06
2.39e-05,-0.91748,-1.1168,3.2739e+06
2.4e-05,-0.82073,-0.78603,3.3409e+06
2.41e-05,-0.72398,-0.44855,3.4087e+06
2.42e-05,-0.62723,-0.10424,3.4773e+06
2.43e-05,-0.53048,0.24696,3.5467e+06
2.44e-05,-0.43373,0.60513,3.6167e+06
2.45e-05,-0.33698,0.97033,3.6874e+06
2.46e-05,-0.24023,1.3426,3.7588e+06
2.47e-05,-0.14348,1.7221,3.8307e+06
2.48e-05,-0.046729,2.1088,3.9031e+06
2.49e-05,0.050022,2.5028,3.976e+06
2.5e-05,0.14677,2.904,4.0493e+06
2.51e-05,0.24352,3.3126,4.123e+06
2.52e-05,0.34027,3.7286,4.197e+06
2.53e-05,0.43702,4.152,4.2711e+06
2.54e-05,0.53377,4.5829,4.3454e+06
2.55e-05,0.63052,5.0211,4.4198e+06
2.56e-05,0.72727,5.4668,4.4942e+06
2.57e-05,0.82402,5.92,4.5685e+06
2.58e-05,0.92077,6.3805,4.6425e+06
2.59e-05,1.0175,6.8485,4.7164e+06
2.6e-05,1.1143,7.3238,4.7898e+06
2.61e-05,1.211,7.8064,4.8628e+06
2.62e-05,1.3078,8.2963,4.9352e+06
2.63e-05,1.4045,8.7934,5.007e+06
2.64e-05,1.5013,9.2977,5.078e+06
2.65e-05,1.598,9.809,5.1482e+06
2.66e-05,1.6948,10.327,5.2173e+06
2.67e-05,1.7915,10.852,5.2855e+06
2.68e-05,1.8883,11.384,5.3524e+06
2.69e-05,1.985,11.923,5.418e+06
2.7e-05,2.0818,12.468,5.4823e+06
2.71e-05,2.1785,13.019,5.545e+06
2.72e-05,2.2753,13.577,5.6061e+06
2.73e-05,2.372,14.14,5.6655e+06
2.74e-05,2.4688,14.71,5.7231e+06
2.75e-05,2.5655,15.285,5.7788e+06
2.76e-05,2.6623,15.865,5.8325e+06
2.77e-05,2.759,16.451,5.884e+06
2.78e-05,2.8558,17.042,5.9334e+06
2.79e-05,2.9525,17.638,5.9804e+06
2.8e-05,3.0493,18.238,6.0251e+06
2.81e-05,3.146,18.843,6.0674e+06
2.82e-05,3.2428,19.451,6.1071e+06
2.83e-05,3.3395,20.064,6.1442e+06
2.84e-05,3.4363,20.68,6.1787e+06
2.85e-05,3.533,21.3,6.2105e+06
2.86e-05,3.6298,21.922,6.2395e+06
2.87e-05,3.7265,22.547,6.2658e+06
2.88e-05,3.8233,23.175,6.2892e+06
2.89e-05,3.92,23.805,6.3098e+06
2.9e-05,4.0168,24.437,6.3275e+06
2.91e-05,4.1135,25.07,6.3423e+06
2.92e-05,4.2103,25.705,6.3542e+06
2.93e-05,4.307,26.341,6.3633e+06
2.94e-05,4.4038,26.978,6.3695e+06
2.95e-05,4.5005,27.615,6.3728e+06
2.96e-05,4.5973,28.252,6.3733e+06
2.97e-05,4.694,28.889,6.371e+06
2.98e-05,4.7908,29.526,6.366e+06
2.99e-05,4.8875,30.162,6.3583e+06
3e-05,4.9843,30.798,6.3479e+06
3.01e-05,5.081,31.432,6.335e+06
3.02e-05,5.1778,32.065,6.3195e+06
3.03e-05,5.2745,32.696,6.3016e+06
3.04e-05,5.3713,33.325,6.2813e+06
3.05e-05,5.468,33.952,6.2587e+06
3.06e-05,5.5648,34.576,6.234e+06
3.07e-05,5.6615,35.199,6.2071e+06
3.08e-05,5.7583,35.818,6.1782e+06
3.09e-05,5.855,36.434,6.1474e+06
3.1e-05,5.9518,37.047,6.1148e+06
3.11e-05,6.0485,37.657,6.0805e+06
3.12e-05,6.1453,38.263,6.0446e+06
3.13e-05,6.242,38.866,6.0072e+06
3.14e-05,6.3388,39.465,5.9683e+06
3.15e-05,6.4355,40.059,5.9283e+06
3.16e-05,6.5323,40.65,5.887e+06
3.17e-05,6.629,41.237,5.8446e+06
3.18e-05,6.7258,41.819,5.8013e+06
3.19e-05,6.8225,42.397,5.7572e+06
3.2e-05,6.9193,42.97,5.7123e+06
3.21e-05,7.016,43.539,5.6667e+06
3.22e-05,7.1128,44.104,5.6206e+06
3.23e-05,7.2095,44.663,5.574e+06
3.24e-05,7.3063,45.219,5.527e+06
3.25e-05,7.403,45.769,5.4798e+06
3.26e-05,7.4998,46.314,5.4324e+06
3.27e-05,7.5965,46.855,5.385e+06
3.28e-05,7.6933,47.391,5.3375e+06
3.29e-05,7.79,47.923,5.2901e+06
3.3e-05,7.8868,48.449,5.2428e+06
3.31e-05,7.9835,48.971,5.1957e+06
3.32e-05,8.0803,49.489,5.149e+06
3.33e-05,8.177,50.001,5.1026e+06
3.34e-05,8.2738,50.509,5.0566e+06
3.35e-05,8.3705,51.013,5.011e+06
3.36e-05,8.4673,51.511,4.966e+06
3.37e-05,8.564,52.006,4.9216e+06
3.38e-05,8.6608,52.496,4.8778e+06
3.39e-05,8.7575,52.981,4.8347e+06
3.4e-05,8.8543,53.463,4.7923e+06
3.41e-05,8.951,53.94,4.7506e+06
3.42e-05,9.0478,54.413,4.7097e+06
3.43e-05,9.1445,54.882,4.6696e+06
3.44e-05,9.2413,55.347,4.6304e+06
3.45e-05,9.338,55.808,4.592e+06
3.46e-05,9.4348,56.265,4.5545e+06
3.47e-05,9.5315,56.719,4.5179e+06
3.48e-05,9.6283,57.169,4.4822e+06
3.49e-05,9.725,57.615,4.4474e+06
3.5e-05,9.8218,58.058,4.4136e+06
3.51e-05,9.9185,58.498,4.3807e+06
3.52e-05,10.015,58.935,4.3488e+06
3.53e-05,10.112,59.368,4.3178e+06
3.54e-05,10.209,59.798,4.2878e+06
3.55e-05,10.306,60.226,4.2587e+06
3.56e-05,10.402,60.65,4.2307e+06
3.57e-05,10.499,61.072,4.2035e+06
3.58e-05,10.596,61.491,4.1774e+06
3.59e-05,10.693,61.907,4.1521e+06
3.6e-05,10.789,62.321,4.1278e+06
3.61e-05,10.886,62.733,4.1045e+06
3.62e-05,10.983,63.142,4.0821e+06
3.63e-05,11.08,63.549,4.0606e+06
3.64e-05,11.176,63.954,4.04e+06
3.65e-05,11.273,64.357,4.0202e+06
3.66e-05,11.37,64.758,4.0014e+06
3.67e-05,11.467,65.158,3.9835e+06
3.68e-05,11.563,65.555,3.9663e+06
3.69e-05,11.66,65.951,3.9501e+06
3.7e-05,11.757,66.345,3.9346e+06
3.71e-05,11.854,66.738,3.92e+06
3.72e-05,11.95,67.129,3.9062e+06
3.73e-05,12.047,67.519,3.8931e+06
3.74e-05,12.144,67.908,3.8808e+06
3.75e-05,12.241,68.295,3.8693e+06
3.76e-05,12.337,68.682,3.8585e+06
3.77e-05,12.434,69.067,3.8484e+06
3.78e-05,12.531,69.452,3.839e+06
3.79e-05,12.628,69.835,3.8303e+06
3.8e-05,12.724,70.218,3.8222e+06
3.81e-05,12.821,70.6,3.8148e+06
3.82e-05,12.918,70.981,3.8081e+06
3.83e-05,13.015,71.361,3.802e+06
3.84e-05,13.111,71.741,3.7964e+06
3.85e-05,13.208,72.12,3.7915e+06
3.86e-05,13.305,72.499,3.7872e+06
3.87e-05,13.402,72.878,3.7834e+06
3.88e-05,13.498,73.256,3.7801e+06
3.89e-05,13.595,73.634,3.7774e+06
3.9e-05,13.692,74.012,3.7752e+06
3.91e-05,13.789,74.389,3.7735e+06
3.92e-05,13.885,74.766,3.7723e+06
3.93e-05,13.982,75.144,3.7715e+06
3.94e-05,14.079,75.521,3.7712e+06
3.95e-05,14.176,75.898,3.7714e+06
3.96e-05,14.272,76.275,3.772e+06
3.97e-05,14.369,76.652,3.773e+06
3.98e-05,14.466,77.03,3.7744e+06
3.99e-05,14.563,77.407,3.7762e+06
4e-05,14.659,77.785,3.7785e+06
4.01e-05,14.756,78.163,3.781e+06
4.02e-05,14.853,78.541,3.784e+06
4.03e-05,14.95,78.92,3.7873e+06
4.04e-05,15.046,79.299,3.7909e+06
4.05e-05,15.143,79.678,3.7948e+06
4.06e-05,15.24,80.058,3.7991e+06
4.07e-05,15.337,80.438,3.8037e+06
4.08e-05,15.433,80.818,3.8086e+06
4.09e-05,15.53,81.199,3.8138e+06
4.1e-05,15.627,81.581,3.8192e+06
4.11e-05,15.724,81.963,3.825e+06
4.12e-05,15.82,82.346,3.8309e+06
4.13e-05,15.917,82.729,3.8372e+06
4.14e-05,16.014,83.113,3.8437e+06
4.15e-05,16.111,83.498,3.8504e+06
4.16e-05,16.207,83.884,3.8574e+06
4.17e-05,16.304,84.27,3.8645e+06
4.18e-05,16.401,84.657,3.8719e+06
4.19e-05,16.498,85.044,3.8795e+06
4.2e-05,16.594,85.432,3.8873e+06
4.21e-05,16.691,85.822,3.8953e+06
4.22e-05,16.788,86.211,3.9035e+06
4.23e-05,16.885,86.602,3.9119e+06
4.24e-05,16.981,86.994,3.9204e+06
4.25e-05,17.078,87.386,3.9292e+06
4.26e-05,17.175,87.78,3.938e+06
4.27e-05,17.272,88.174,3.9471e+06
4.28e-05,17.368,88.569,3.9563e+06
4.29e-05,17.465,88.965,3.9656e+06
4.3e-05,17.562,89.362,3.9751e+06
4.31e-05,17.659,89.76,3.9847e+06
4.32e-05,17.755,90.159,3.9945e+06
4.33e-05,17.852,90.559,4.0044e+06
4.34e-05,17.949,90.96,4.0144e+06
4.35e-05,18.046,91.362,4.0245e+06
4.36e-05,18.142,91.765,4.0347e+06
4.37e-05,18.239,92.169,4.0451e+06
4.38e-05,18.336,92.574,4.0556e+06
4.39e-05,18.433,92.98,4.0661e+06
4.4e-05,18.529,93.387,4.0768e+06
4.41e-05,18.626,93.795,4.0876e+06
4.42e-05,18.723,94.205,4.0984e+06
4.43e-05,18.82,94.615,4.1094e+06
4.44e-05,18.916,95.027,4.1204e+06
4.45e-05,19.013,95.439,4.1316e+06
4.46e-05,19.11,95.853,4.1428e+06
4.47e-05,19.207,96.268,4.1541e+06
4.48e-05,19.303,96.684,4.1654e+06
4.49e-05,19.4,97.101,4.1769e+06
4.5e-05,19.497,97.519,4.1884e+06
4.51e-05,19.594,97.939,4.1999e+06
4.52e-05,19.69,98.359,4.2116e+06
4.53e-05,19.787,98.781,4.2233e+06
4.54e-05,19.884,99.204,4.2351e+06
4.55e-05,19.981,99.628,4.2469e+06
4.56e-05,20.077,100.05,4.2588e+06
4.57e-05,20.174,100.48,4.2707e+06
4.58e-05,20.271,100.91,4.2827e+06
4.59e-05,20.368,101.34,4.2947e+06
4.6e-05,20.464,101.77,4.3068e+06
4.61e-05,20.561,102.2,4.319e+06
4.62e-05,20.658,102.63,4.3312e+06
4.63e-05,20.755,103.06,4.3434e+06
4.64e-05,20.851,103.5,4.3557e+06
4.65e-05,20.948,103.93,4.368e+06
4.66e-05,21.045,104.37,4.3804e+06
4.67e-05,21.142,104.81,4.3928e+06
4.68e-05,21.238,105.25,4.4052e+06
4.69e-05,21.335,105.69,4.4177e+06
4.7e-05,21.432,106.13,4.4302e+06
4.71e-05,21.529,106.58,4.4427e+06
4.72e-05,21.625,107.02,4.4553e+06
4.73e-05,21.722,107.47,4.4679e+06
4.74e-05,21.819,107.92,4.4805e+06
4.75e-05,21.916,108.37,4.4932e+06
4.76e-05,22.012,108.82,4.5058e+06
4.77e-05,22.109,109.27,4.5186e+06
4.78e-05,22.206,109.72,4.5313e+06
4.79e-05,22.303,110.17,4.5441e+06
4.8e-05,22.399,110.63,4.5569e+06
4.81e-05,22.496,111.08,4.5697e+06
4.82e-05,22.593,111.54,4.5825e+06
4.83e-05,22.69,112,4.5954e+06
4.84e-05,22.786,112.46,4.6082e+06
4.85e-05,22.883,112.92,4.6211e+06
4.86e-05,22.98,113.39,4.6341e+06
4.87e-05,23.077,113.85,4.647e+06
4.88e-05,23.173,114.31,4.66e+06
4.89e-05,23.27,114.78,4.6729e+06
4.9e-05,23.367,115.25,4.6859e+06
4.91e-05,23.464,115.72,4.6989e+06
4.92e-05,23.56,116.19,4.7119e+06
4.93e-05,23.657,116.66,4.725e+06
4.94e-05,23.754,117.13,4.738e+06
4.95e-05,23.851,117.61,4.7511e+06
4.96e-05,23.947,118.08,4.7642e+06
4.97e-05,24.044,118.56,4.7773e+06
4.98e-05,24.141,119.04,4.7904e+06
4.99e-05,24.238,119.52,4.8035e+06
5e-05,24.334,119.94,3.6083e+06
5.01e-05,24.334,120.22,1.9545e+06
5.02e-05,24.238,120.41,1.941e+06
5.03e-05,24.141,120.61,1.9275e+06
5.04e-05,24.044,120.8,1.9141e+06
5.05e-05,23.947,120.99,1.9006e+06
5.06e-05,23.851,121.18,1.8871e+06
5.07e-05,23.754,121.37,1.8737e+06
5.08e-05,23.657,121.55,1.8602e+06
5.09e-05,23.56,121.74,1.8467e+06
5.1e-05,23.464,121.92,1.8333e+06
5.11e-05,23.367,122.11,1.8198e+06
5.12e-05,23.27,122.29,1.8064e+06
5.13e-05,23.173,122.47,1.7929e+06
5.14e-05,23.077,122.64,1.7794e+06
5.15e-05,22.98,122.82,1.7659e+06
5.16e-05,22.883,123,1.7525e+06
5.17e-05,22.786,123.17,1.739e+06
5.18e-05,22.69,123.35,1.7255e+06
5.19e-05,22.593,123.52,1.7121e+06
5.2e-05,22.496,123.69,1.6986e+06
5.21e-05,22.399,123.86,1.6851e+06
5.22e-05,22.303,124.03,1.6716e+06
5.23e-05,22.206,124.19,1.6581e+06
5.24e-05,22.109,124.36,1.6447e+06
5.25e-05,22.012,124.52,1.6312e+06
5.26e-05,21.916,124.68,1.6177e+06
5.27e-05,21.819,124.84,1.6042e+06
5.28e-05,21.722,125,1.5907e+06
5.29e-05,21.625,125.16,1.5772e+06
5.3e-05,21.529,125.32,1.5638e+06
5.31e-05,21.432,125.48,1.5503e+06
5.32e-05,21.335,125.63,1.5368e+06
5.33e-05,21.238,125.78,1.5233e+06
5.34e-05,21.142,125.93,1.5098e+06
5.35e-05,21.045,126.08,1.4963e+06
5.36e-05,20.948,126.23,1.4828e+06
5.37e-05,20.851,126.38,1.4693e+06
5.38e-05,20.755,126.53,1.4558e+06
5.39e-05,20.658,126.67,1.4423e+06
5.4e-05,20.561,126.82,1.4288e+06
5.41e-05,20.464,126.96,1.4153e+06
5.42e-05,20.368,127.1,1.4017e+06
5.43e-05,20.271,127.24,1.3882e+06
5.44e-05,20.174,127.38,1.3747e+06
5.45e-05,20.077,127.51,1.3612e+06
5.46e-05,19.981,127.65,1.3477e+06
5.47e-05,19.884,127.78,1.3341e+06
5.48e-05,19.787,127.92,1.3206e+06
5.49e-05,19.69,128.05,1.3071e+06
5.5e-05,19.594,128.18,1.2935e+06
5.51e-05,19.497,128.31,1.28e+06
5.52e-05,19.4,128.43,1.2665e+06
5.53e-05,19.303,128.56,1.2529e+06
5.54e-05,19.207,128.68,1.2394e+06
5.55e-05,19.11,128.81,1.2258e+06
5.56e-05,19.013,128.93,1.2122e+06
5.57e-05,18.916,129.05,1.1987e+06
5.58e-05,18.82,129.17,1.1851e+06
5.59e-05,18.723,129.29,1.1715e+06
5.6e-05,18.626,129.4,1.158e+06
5.61e-05,18.529,129.52,1.1444e+06
5.62e-05,18.433,129.63,1.1308e+06
5.63e-05,18.336,129.74,1.1172e+06
5.64e-05,18.239,129.86,1.1036e+06
5.65e-05,18.142,129.96,1.09e+06
5.66e-05,18.046,130.07,1.0764e+06
5.67e-05,17.949,130.18,1.0628e+06
5.68e-05,17.852,130.29,1.0492e+06
5.69e-05,17.755,130.39,1.0355e+06
5.7e-05,17.659,130.49,1.0219e+06
5.71e-05,17.562,130.59,1.0083e+06
5.72e-05,17.465,130.69,9.9461e+05
5.73e-05,17.368,130.79,9.8095e+05
5.74e-05,17.272,130.89,9.6729e+05
5.75e-05,17.175,130.99,9.5361e+05
5.76e-05,17.078,131.08,9.3993e+05
5.77e-05,16.981,131.17,9.2624e+05
5.78e-05,16.885,131.27,9.1254e+05
5.79e-05,16.788,131.36,8.9884e+05
5.8e-05,16.691,131.45,8.8512e+05
5.81e-05,16.594,131.53,8.7139e+05
5.82e-05,16.498,131.62,8.5765e+05
5.83e-05,16.401,131.71,8.439e+05
5.84e-05,16.304,131.79,8.3014e+05
5.85e-05,16.207,131.87,8.1637e+05
5.86e-05,16.111,131.95,8.0258e+05
5.87e-05,16.014,132.03,7.8878e+05
5.88e-05,15.917,132.11,7.7497e+05
5.89e-05,15.82,132.19,7.6115e+05
5.9e-05,15.724,132.26,7.4731e+05
5.91e-05,15.627,132.34,7.3346e+05
5.92e-05,15.53,132.41,7.1959e+05
5.93e-05,15.433,132.48,7.0571e+05
5.94e-05,15.337,132.55,6.9181e+05
5.95e-05,15.24,132.62,6.7789e+05
5.96e-05,15.143,132.69,6.6395e+05
5.97e-05,15.046,132.75,6.5e+05
5.98e-05,14.95,132.82,6.3603e+05
5.99e-05,14.853,132.88,6.2204e+05
6e-05,14.756,132.94,6.0803e+05
6.01e-05,14.659,133,5.94e+05
6.02e-05,14.563,133.06,5.7994e+05
6.03e-05,14.466,133.12,5.6587e+05
6.04e-05,14.369,133.17,5.5177e+05
6.05e-05,14.272,133.23,5.3764e+05
6.06e-05,14.176,133.28,5.2349e+05
6.07e-05,14.079,133.33,5.0932e+05
6.08e-05,13.982,133.38,4.9512e+05
6.09e-05,13.885,133.43,4.8089e+05
6.1e-05,13.789,133.48,4.6663e+05
6.11e-05,13.692,133.52,4.5234e+05
6.12e-05,13.595,133.57,4.3802e+05
6.13e-05,13.498,133.61,4.2367e+05
6.14e-05,13.402,133.65,4.0928e+05
6.15e-05,13.305,133.69,3.9486e+05
6.16e-05,13.208,133.73,3.804e+05
6.17e-05,13.111,133.77,3.6591e+05
6.18e-05,13.015,133.81,3.5138e+05
6.19e-05,12.918,133.84,3.368e+05
6.2e-05,12.821,133.87,3.2219e+05
6.21e-05,12.724,133.9,3.0753e+05
6.22e-05,12.628,133.93,2.9283e+05
6.23e-05,12.531,133.96,2.7808e+05
6.24e-05,12.434,133.99,2.6328e+05
6.25e-05,12.337,134.02,2.4844e+05
6.26e-05,12.241,134.04,2.3354e+05
6.27e-05,12.144,134.06,2.1859e+05
6.28e-05,12.047,134.08,2.0358e+05
6.29e-05,11.95,134.1,1.8852e+05
6.3e-05,11.854,134.12,1.7339e+05
6.31e-05,11.757,134.14,1.5821e+05
6.32e-05,11.66,134.15,1.4296e+05
6.33e-05,11.563,134.17,1.2764e+05
6.34e-05,11.467,134.18,1.1226e+05
6.35e-05,11.37,134.19,96804
6.36e-05,11.273,134.2,81275
6.37e-05,11.176,134.2,65670
6.38e-05,11.08,134.21,49986
6.39e-05,10.983,134.21,34220
6.4e-05,10.886,134.22,18370
6.41e-05,10.789,134.22,2430.8
6.42e-05,10.693,134.22,-13599
6.43e-05,10.596,134.22,-29723
6.44e-05,10.499,134.21,-45945
6.45e-05,10.402,134.21,-62268
6.46e-05,10.306,134.2,-78696
6.47e-05,10.209,134.19,-95232
6.48e-05,10.112,134.18,-1.1188e+05
6.49e-05,10.015,134.17,-1.2865e+05
6.5e-05,9.9185,134.15,-1.4553e+05
6.51e-05,9.8218,134.14,-1.6254e+05
6.52e-05,9.725,134.12,-1.7968e+05
6.53e-05,9.6283,134.1,-1.9696e+05
6.54e-05,9.5315,134.08,-2.1437e+05
6.55e-05,9.4348,134.06,-2.3192e+05
6.56e-05,9.338,134.04,-2.4963e+05
6.57e-05,9.2413,134.01,-2.6748e+05
6.58e-05,9.1445,133.98,-2.855e+05
6.59e-05,9.0478,133.95,-3.0368e+05
6.6e-05,8.951,133.92,-3.2203e+05
6.61e-05,8.8543,133.89,-3.4056e+05
6.62e-05,8.7575,133.85,-3.5927e+05
6.63e-05,8.6608,133.82,-3.7817e+05
6.64e-05,8.564,133.78,-3.9726e+05
6.65e-05,8.4673,133.74,-4.1656e+05
6.66e-05,8.3705,133.69,-4.3606e+05
6.67e-05,8.2738,133.65,-4.5578e+05
6.68e-05,8.177,133.6,-4.7572e+05
6.69e-05,8.0803,133.56,-4.9589e+05
6.7e-05,7.9835,133.5,-5.163e+05
6.71e-05,7.8868,133.45,-5.3696e+05
6.72e-05,7.79,133.4,-5.5787e+05
6.73e-05,7.6933,133.34,-5.7905e+05
6.74e-05,7.5965,133.28,-6.0049e+05
6.75e-05,7.4998,133.22,-6.2222e+05
6.76e-05,7.403,133.16,-6.4424e+05
6.77e-05,7.3063,133.09,-6.6655e+05
6.78e-05,7.2095,133.02,-6.8918e+05
6.79e-05,7.1128,132.95,-7.1212e+05
6.8e-05,7.016,132.88,-7.354e+05
6.81e-05,6.9193,132.81,-7.5901e+05
6.82e-05,6.8225,132.73,-7.8298e+05
6.83e-05,6.7258,132.65,-8.0731e+05
6.84e-05,6.629,132.57,-8.3201e+05
6.85e-05,6.5323,132.48,-8.5709e+05
6.86e-05,6.4355,132.4,-8.8258e+05
6.87e-05,6.3388,132.31,-9.0847e+05
6.88e-05,6.242,132.21,-9.3478e+05
6.89e-05,6.1453,132.12,-9.6153e+05
6.9e-05,6.0485,132.02,-9.8872e+05
6.91e-05,5.9518,131.92,-1.0164e+06
6.92e-05,5.855,131.82,-1.0445e+06
6.93e-05,5.7583,131.71,-1.0731e+06
6.94e-05,5.6615,131.6,-1.1022e+06
6.95e-05,5.5648,131.49,-1.1319e+06
6.96e-05,5.468,131.38,-1.162e+06
6.97e-05,5.3713,131.26,-1.1928e+06
6.98e-05,5.2745,131.14,-1.224e+06
6.99e-05,5.1778,131.02,-1.2559e+06
7e-05,5.081,130.89,-1.2883e+06
7.01e-05,4.9843,130.76,-1.3214e+06
7.02e-05,4.8875,130.62,-1.355e+06
7.03e-05,4.7908,130.49,-1.3893e+06
7.04e-05,4.694,130.35,-1.4243e+06
7.05e-05,4.5973,130.2,-1.4599e+06
7.06e-05,4.5005,130.05,-1.4962e+06
7.07e-05,4.4038,129.9,-1.5332e+06
7.08e-05,4.307,129.75,-1.571e+06
7.09e-05,4.2103,129.59,-1.6094e+06
7.1e-05,4.1135,129.43,-1.6487e+06
7.11e-05,4.0168,129.26,-1.6886e+06
7.12e-05,3.92,129.09,-1.7294e+06
7.13e-05,3.8233,128.91,-1.771e+06
7.14e-05,3.7265,128.73,-1.8133e+06
7.15e-05,3.6298,128.55,-1.8565e+06
7.16e-05,3.533,128.36,-1.9006e+06
7.17e-05,3.4363,128.17,-1.9455e+06
7.18e-05,3.3395,127.97,-1.9912e+06
7.19e-05,3.2428,127.77,-2.0379e+06
7.2e-05,3.146,127.57,-2.0854e+06
7.21e-05,3.0493,127.35,-2.1338e+06
7.22e-05,2.9525,127.14,-2.1832e+06
7.23e-05,2.8558,126.92,-2.2335e+06
7.24e-05,2.759,126.69,-2.2847e+06
7.25e-05,2.6623,126.46,-2.3369e+06
7.26e-05,2.5655,126.22,-2.39e+06
7.27e-05,2.4688,125.98,-2.444e+06
7.28e-05,2.372,125.74,-2.499e+06
7.29e-05,2.2753,125.48,-2.555e+06
7.3e-05,2.1785,125.22,-2.612e+06
7.31e-05,2.0818,124.96,-2.6699e+06
7.32e-05,1.985,124.69,-2.7287e+06
7.33e-05,1.8883,124.41,-2.7885e+06
7.34e-05,1.7915,124.13,-2.8493e+06
7.35e-05,1.6948,123.84,-2.911e+06
7.36e-05,1.598,123.55,-2.9736e+06
7.37e-05,1.5013,123.25,-3.0372e+06
7.38e-05,1.4045,122.94,-3.1016e+06
7.39e-05,1.3078,122.63,-3.1669e+06
7.4e-05,1.211,122.31,-3.2331e+06
7.41e-05,1.1143,121.98,-3.3001e+06
7.42e-05,1.0175,121.65,-3.3679e+06
7.43e-05,0.92077,121.31,-3.4365e+06
7.44e-05,0.82402,120.96,-3.5059e+06
7.45e-05,0.72727,120.61,-3.5759e+06
7.46e-05,0.63052,120.25,-3.6466e+06
7.47e-05,0.53377,119.88,-3.718e+06
7.48e-05,0.43702,119.5,-3.7899e+06
7.49e-05,0.34027,119.12,-3.8623e+06
7.5e-05,0.24352,118.73,-3.9352e+06
7.51e-05,0.14677,118.33,-4.0085e+06
7.52e-05,0.050022,117.93,-4.0822e+06
7.53e-05,-0.046729,117.52,-4.1562e+06
7.54e-05,-0.14348,117.1,-4.2303e+06
7.55e-05,-0.24023,116.67,-4.3046e+06
7.56e-05,-0.33698,116.24,-4.379e+06
7.57e-05,-0.43373,115.8,-4.4534e+06
7.58e-05,-0.53048,115.35,-4.5277e+06
7.59e-05,-0.62723,114.89,-4.6017e+06
7.6e-05,-0.72398,114.43,-4.6756e+06
7.61e-05,-0.82073,113.95,-4.749e+06
7.62e-05,-0.91748,113.48,-4.822e+06
7.63e-05,-1.0142,112.99,-4.8944e+06
7.64e-05,-1.111,112.5,-4.9662e+06
7.65e-05,-1.2077,112,-5.0372e+06
7.66e-05,-1.3045,111.49,-5.1074e+06
7.67e-05,-1.4012,110.98,-5.1766e+06
7.68e-05,-1.498,110.45,-5.2447e+06
7.69e-05,-1.5947,109.93,-5.3116e+06
7.7e-05,-1.6915,109.39,-5.3772e+06
7.71e-05,-1.7882,108.85,-5.4415e+06
7.72e-05,-1.885,108.3,-5.5042e+06
7.73e-05,-1.9817,107.75,-5.5653e+06
7.74e-05,-2.0785,107.19,-5.6247e+06
7.75e-05,-2.1752,106.63,-5.6823e+06
7.76e-05,-2.272,106.05,-5.738e+06
7.77e-05,-2.3687,105.48,-5.7917e+06
7.78e-05,-2.4655,104.9,-5.8432e+06
7.79e-05,-2.5622,104.31,-5.8926e+06
7.8e-05,-2.659,103.72,-5.9396e+06
7.81e-05,-2.7557,103.12,-5.9843e+06
7.82e-05,-2.8525,102.52,-6.0266e+06
7.83e-05,-2.9492,101.92,-6.0663e+06
7.84e-05,-3.046,101.31,-6.1034e+06
7.85e-05,-3.1427,100.7,-6.1379e+06
7.86e-05,-3.2395,100.08,-6.1697e+06
7.87e-05,-3.3362,99.462,-6.1988e+06
7.88e-05,-3.433,98.841,-6.225e+06
7.89e-05,-3.5297,98.218,-6.2484e+06
7.9e-05,-3.6265,97.592,-6.269e+06
7.91e-05,-3.7232,96.964,-6.2867e+06
7.92e-05,-3.82,96.334,-6.3015e+06
7.93e-05,-3.9167,95.704,-6.3134e+06
7.94e-05,-4.0135,95.072,-6.3225e+06
7.95e-05,-4.1102,94.439,-6.3287e+06
7.96e-05,-4.207,93.806,-6.332e+06
7.97e-05,-4.3037,93.173,-6.3325e+06
7.98e-05,-4.4005,92.54,-6.3303e+06
7.99e-05,-4.4972,91.907,-6.3252e+06
8e-05,-4.594,91.275,-6.3175e+06
8.01e-05,-4.6907,90.644,-6.3071e+06
8.02e-05,-4.7875,90.014,-6.2942e+06
8.03e-05,-4.8842,89.385,-6.2787e+06
8.04e-05,-4.981,88.758,-6.2608e+06
8.05e-05,-5.0777,88.133,-6.2405e+06
8.06e-05,-5.1745,87.51,-6.2179e+06
8.07e-05,-5.2712,86.89,-6.1932e+06
8.08e-05,-5.368,86.272,-6.1663e+06
8.09e-05,-5.4647,85.656,-6.1374e+06
8.1e-05,-5.5615,85.044,-6.1066e+06
8.11e-05,-5.6582,84.435,-6.074e+06
8.12e-05,-5.755,83.829,-6.0397e+06
8.13e-05,-5.8517,83.227,-6.0038e+06
8.14e-05,-5.9485,82.629,-5.9664e+06
8.15e-05,-6.0452,82.034,-5.9276e+06
8.16e-05,-6.142,81.443,-5.8875e+06
8.17e-05,-6.2387,80.857,-5.8462e+06
8.18e-05,-6.3355,80.274,-5.8038e+06
8.19e-05,-6.4322,79.696,-5.7605e+06
8.2e-05,-6.529,79.122,-5.7164e+06
8.21e-05,-6.6257,78.553,-5.6715e+06
8.22e-05,-6.7225,77.988,-5.6259e+06
8.23e-05,-6.8192,77.428,-5.5798e+06
8.24e-05,-6.916,76.872,-5.5332e+06
8.25e-05,-7.0127,76.321,-5.4862e+06
8.26e-05,-7.1095,75.775,-5.439e+06
8.27e-05,-7.2062,75.233,-5.3917e+06
8.28e-05,-7.303,74.696,-5.3442e+06
8.29e-05,-7.3997,74.164,-5.2967e+06
8.3e-05,-7.4965,73.637,-5.2493e+06
8.31e-05,-7.5932,73.114,-5.202e+06
8.32e-05,-7.69,72.597,-5.1549e+06
8.33e-05,-7.7867,72.083,-5.1082e+06
8.34e-05,-7.8835,71.575,-5.0618e+06
8.35e-05,-7.9802,71.071,-5.0158e+06
8.36e-05,-8.077,70.572,-4.9702e+06
8.37e-05,-8.1737,70.077,-4.9253e+06
8.38e-05,-8.2705,69.587,-4.8808e+06
8.39e-05,-8.3672,69.101,-4.837e+06
8.4e-05,-8.464,68.619,-4.7939e+06
8.41e-05,-8.5607,68.142,-4.7515e+06
8.42e-05,-8.6575,67.669,-4.7098e+06
8.43e-05,-8.7542,67.2,-4.6689e+06
8.44e-05,-8.851,66.735,-4.6288e+06
8.45e-05,-8.9477,66.274,-4.5896e+06
8.46e-05,-9.0445,65.817,-4.5512e+06
8.47e-05,-9.1412,65.364,-4.5137e+06
8.48e-05,-9.238,64.914,-4.4771e+06
8.49e-05,-9.3347,64.468,-4.4414e+06
8.5e-05,-9.4315,64.026,-4.4066e+06
8.51e-05,-9.5282,63.587,-4.3728e+06
8.52e-05,-9.625,63.151,-4.3399e+06
8.53e-05,-9.7217,62.719,-4.308e+06
8.54e-05,-9.8185,62.29,-4.277e+06
8.55e-05,-9.9152,61.864,-4.247e+06
8.56e-05,-10.012,61.44,-4.218e+06
8.57e-05,-10.109,61.02,-4.1899e+06
8.58e-05,-10.205,60.602,-4.1627e+06
8.59e-05,-10.302,60.187,-4.1366e+06
8.6e-05,-10.399,59.775,-4.1113e+06
8.61e-05,-10.496,59.365,-4.0871e+06
8.62e-05,-10.592,58.958,-4.0637e+06
8.63e-05,-10.689,58.552,-4.0413e+06
8.64e-05,-10.786,58.149,-4.0198e+06
8.65e-05,-10.883,57.748,-3.9992e+06
8.66e-05,-10.979,57.349,-3.9795e+06
8.67e-05,-11.076,56.952,-3.9606e+06
8.68e-05,-11.173,56.557,-3.9427e+06
8.69e-05,-11.27,56.164,-3.9256e+06
8.7e-05,-11.366,55.772,-3.9093e+06
8.71e-05,-11.463,55.382,-3.8938e+06
8.72e-05,-11.56,54.993,-3.8792e+06
8.73e-05,-11.657,54.606,-3.8654e+06
8.74e-05,-11.753,54.22,-3.8523e+06
8.75e-05,-11.85,53.835,-3.84e+06
8.76e-05,-11.947,53.452,-3.8285e+06
8.77e-05,-12.044,53.07,-3.8177e+06
8.78e-05,-12.14,52.688,-3.8076e+06
8.79e-05,-12.237,52.308,-3.7982e+06
8.8e-05,-12.334,51.929,-3.7895e+06
8.81e-05,-12.431,51.55,-3.7814e+06
8.82e-05,-12.527,51.172,-3.774e+06
8.83e-05,-12.624,50.795,-3.7673e+06
8.84e-05,-12.721,50.419,-3.7612e+06
8.85e-05,-12.818,50.043,-3.7557e+06
8.86e-05,-12.914,49.668,-3.7507e+06
8.87e-05,-13.011,49.293,-3.7464e+06
8.88e-05,-13.108,48.919,-3.7426e+06
8.89e-05,-13.205,48.544,-3.7393e+06
8.9e-05,-13.301,48.171,-3.7366e+06
8.91e-05,-13.398,47.797,-3.7344e+06
8.92e-05,-13.495,47.424,-3.7327e+06
8.93e-05,-13.592,47.051,-3.7315e+06
8.94e-05,-13.688,46.677,-3.7307e+06
8.95e-05,-13.785,46.304,-3.7304e+06
8.96e-05,-13.882,45.931,-3.7306e+06
8.97e-05,-13.979,45.558,-3.7312e+06
8.98e-05,-14.075,45.185,-3.7322e+06
8.99e-05,-14.172,44.812,-3.7336e+06
9e-05,-14.269,44.438,-3.7355e+06
9.01e-05,-14.366,44.065,-3.7377e+06
9.02e-05,-14.462,43.691,-3.7402e+06
9.03e-05,-14.559,43.317,-3.7432e+06
9.04e-05,-14.656,42.942,-3.7465e+06
9.05e-05,-14.753,42.567,-3.7501e+06
9.06e-05,-14.849,42.192,-3.7541e+06
9.07e-05,-14.946,41.816,-3.7583e+06
9.08e-05,-15.043,41.44,-3.7629e+06
9.09e-05,-15.14,41.064,-3.7678e+06
9.1e-05,-15.236,40.687,-3.773e+06
9.11e-05,-15.333,40.309,-3.7784e+06
9.12e-05,-15.43,39.931,-3.7842e+06
9.13e-05,-15.527,39.552,-3.7902e+06
9.14e-05,-15.623,39.173,-3.7964e+06
9.15e-05,-15.72,38.793,-3.8029e+06
9.16e-05,-15.817,38.412,-3.8096e+06
9.17e-05,-15.914,38.031,-3.8166e+06
9.18e-05,-16.01,37.649,-3.8237e+06
9.19e-05,-16.107,37.266,-3.8311e+06
9.2e-05,-16.204,36.883,-3.8387e+06
9.21e-05,-16.301,36.499,-3.8466e+06
9.22e-05,-16.397,36.114,-3.8546e+06
9.23e-05,-16.494,35.728,-3.8627e+06
9.24e-05,-16.591,35.341,-3.8711e+06
9.25e-05,-16.688,34.953,-3.8797e+06
9.26e-05,-16.784,34.565,-3.8884e+06
9.27e-05,-16.881,34.176,-3.8973e+06
9.28e-05,-16.978,33.786,-3.9063e+06
9.29e-05,-17.075,33.395,-3.9155e+06
9.3e-05,-17.171,33.003,-3.9248e+06
9.31e-05,-17.268,32.61,-3.9343e+06
9.32e-05,-17.365,32.216,-3.9439e+06
9.33e-05,-17.462,31.821,-3.9537e+06
9.34e-05,-17.559,31.425,-3.9636e+06
9.35e-05,-17.655,31.028,-3.9736e+06
9.36e-05,-17.752,30.63,-3.9837e+06
9.37e-05,-17.849,30.231,-3.9939e+06
9.38e-05,-17.946,29.831,-4.0043e+06
9.39e-05,-18.042,29.43,-4.0148e+06
9.4e-05,-18.139,29.028,-4.0253e+06
9.41e-05,-18.236,28.625,-4.036e+06
9.42e-05,-18.333,28.221,-4.0468e+06
9.43e-05,-18.429,27.816,-4.0576e+06
9.44e-05,-18.526,27.41,-4.0686e+06
9.45e-05,-18.623,27.002,-4.0796e+06
9.46e-05,-18.72,26.594,-4.0908e+06
9.47e-05,-18.816,26.184,-4.102e+06
9.48e-05,-18.913,25.773,-4.1133e+06
9.49e-05,-19.01,25.361,-4.1246e+06
9.5e-05,-19.107,24.948,-4.1361e+06
9.51e-05,-19.203,24.534,-4.1476e+06
9.52e-05,-19.3,24.119,-4.1592e+06
9.53e-05,-19.397,23.702,-4.1708e+06
9.54e-05,-19.494,23.285,-4.1825e+06
9.55e-05,-19.59,22.866,-4.1943e+06
9.56e-05,-19.687,22.446,-4.2061e+06
9.57e-05,-19.784,22.025,-4.218e+06
9.58e-05,-19.881,21.602,-4.2299e+06
9.59e-05,-19.977,21.179,-4.2419e+06
9.6e-05,-20.074,20.754,-4.254e+06
9.61e-05,-20.171,20.328,-4.2661e+06
9.62e-05,-20.268,19.901,-4.2782e+06
9.63e-05,-20.364,19.472,-4.2904e+06
9.64e-05,-20.461,19.043,-4.3026e+06
9.65e-05,-20.558,18.612,-4.3149e+06
9.66e-05,-20.655,18.18,-4.3272e+06
9.67e-05,-20.751,17.746,-4.3396e+06
9.68e-05,-20.848,17.312,-4.352e+06
9.69e-05,-20.945,16.876,-4.3644e+06
9.7e-05,-21.042,16.439,-4.3769e+06
9.71e-05,-21.138,16.001,-4.3894e+06
9.72e-05,-21.235,15.561,-4.4019e+06
9.73e-05,-21.332,15.12,-4.4145e+06
9.74e-05,-21.429,14.678,-4.4271e+06
9.75e-05,-21.525,14.235,-4.4397e+06
9.76e-05,-21.622,13.79,-4.4524e+06
9.77e-05,-21.719,13.344,-4.4651e+06
9.78e-05,-21.816,12.897,-4.4778e+06
9.79e-05,-21.912,12.449,-4.4905e+06
9.8e-05,-22.009,11.999,-4.5033e+06
9.81e-05,-22.106,11.548,-4.5161e+06
9.82e-05,-22.203,11.096,-4.5289e+06
9.83e-05,-22.299,10.642,-4.5417e+06
9.84e-05,-22.396,10.187,-4.5546e+06
9.85e-05,-22.493,9.7314,-4.5675e+06
9.86e-05,-22.59,9.274,-4.5804e+06
9.87e-05,-22.686,8.8153,-4.5933e+06
9.88e-05,-22.783,8.3553,-4.6062e+06
9.89e-05,-22.88,7.894,-4.6192e+06
9.9e-05,-22.977,7.4315,-4.6321e+06
9.91e-05,-23.073,6.9676,-4.6451e+06
9.92e-05,-23.17,6.5025,-4.6581e+06
9.93e-05,-23.267,6.036,-4.6712e+06
9.94e-05,-23.364,5.5682,-4.6842e+06
9.95e-05,-23.46,5.0992,-4.6972e+06
9.96e-05,-23.557,4.6288,-4.7103e+06
9.97e-05,-23.654,4.1571,-4.7234e+06
9.98e-05,-23.751,3.6841,-4.7365e+06
9.99e-05,-23.847,3.2098,-4.7496e+06
0.0001,-23.944,2.7342,-4.7627e+06
0.0001001,-24.041,2.2572,-4.7761e+06
