0,-9.7592,0,9.3939e+05
1e-07,-9.7199,0.093953,9.3967e+05
2e-07,-9.6806,0.18793,9.3995e+05
3e-07,-9.6414,0.28194,9.4022e+05
4e-07,-9.6021,0.37598,9.405e+05
5e-07,-9.5628,0.47004,9.4078e+05
6e-07,-9.5235,0.56413,9.4106e+05
7e-07,-9.4843,0.65825,9.4134e+05
8e-07,-9.445,0.7524,9.4162e+05
9e-07,-9.4057,0.84658,9.419e+05
1e-06,-9.3664,0.94078,9.4219e+05
1.1e-06,-9.3272,1.035,9.4247e+05
1.2e-06,-9.2879,1.1293,9.4275e+05
1.3e-06,-9.2486,1.2236,9.4304e+05
1.4e-06,-9.2093,1.3179,9.4332e+05
1.5e-06,-9.1701,1.4122,9.4361e+05
1.6e-06,-9.1308,1.5066,9.439e+05
1.7e-06,-9.0915,1.601,9.4419e+05
1.8e-06,-9.0522,1.6954,9.4448e+05
1.9e-06,-9.013,1.7899,9.4477e+05
2e-06,-8.9737,1.8844,9.4506e+05
2.1e-06,-8.9344,1.9789,9.4535e+05
2.2e-06,-8.8951,2.0735,9.4565e+05
2.3e-06,-8.8559,2.168,9.4594e+05
2.4e-06,-8.8166,2.2627,9.4624e+05
2.5e-06,-8.7773,2.3573,9.4653e+05
2.6e-06,-8.738,2.452,9.4683e+05
2.7e-06,-8.6988,2.5467,9.4713e+05
2.8e-06,-8.6595,2.6414,9.4744e+05
2.9e-06,-8.6202,2.7362,9.4774e+05
3e-06,-8.5809,2.8309,9.4805e+05
3.1e-06,-8.5417,2.9258,9.4835e+05
3.2e-06,-8.5024,3.0206,9.4866e+05
3.3e-06,-8.4631,3.1155,9.4897e+05
3.4e-06,-8.4238,3.2104,9.4928e+05
3.5e-06,-8.3846,3.3053,9.496e+05
3.6e-06,-8.3453,3.4003,9.4991e+05
3.7e-06,-8.306,3.4953,9.5023e+05
3.8e-06,-8.2667,3.5904,9.5055e+05
3.9e-06,-8.2275,3.6854,9.5087e+05
4e-06,-8.1882,3.7805,9.512e+05
4.1e-06,-8.1489,3.8757,9.5152e+05
4.2e-06,-8.1096,3.9708,9.5185e+05
4.3e-06,-8.0704,4.0661,9.5219e+05
4.4e-06,-8.0311,4.1613,9.5252e+05
4.5e-06,-7.9918,4.2566,9.5286e+05
4.6e-06,-7.9525,4.3519,9.532e+05
4.7e-06,-7.9133,4.4472,9.5354e+05
4.8e-06,-7.874,4.5426,9.5389e+05
4.9e-06,-7.8347,4.638,9.5424e+05
5e-06,-7.7954,4.7334,9.5459e+05
5.1e-06,-7.7562,4.8289,9.5495e+05
5.2e-06,-7.7169,4.9244,9.5531e+05
5.3e-06,-7.6776,5.02,9.5567e+05
5.4e-06,-7.6383,5.1155,9.5604e+05
5.5e-06,-7.5991,5.2112,9.5641e+05
5.6e-06,-7.5598,5.3068,9.5678e+05
5.7e-06,-7.5205,5.4025,9.5716e+05
5.8e-06,-7.4812,5.4983,9.5755e+05
5.9e-06,-7.442,5.594,9.5794e+05
6e-06,-7.4027,5.6898,9.5833e+05
6.1e-06,-7.3634,5.7857,9.5873e+05
6.2e-06,-7.3241,5.8816,9.5914e+05
6.3e-06,-7.2849,5.9775,9.5955e+05
6.4e-06,-7.2456,6.0735,9.5996e+05
6.5e-06,-7.2063,6.1695,9.6038e+05
6.6e-06,-7.167,6.2656,9.6081e+05
6.7e-06,-7.1278,6.3617,9.6124e+05
6.8e-06,-7.0885,6.4578,9.6168e+05
6.9e-06,-7.0492,6.554,9.6213e+05
7e-06,-7.0099,6.6502,9.6258e+05
7.1e-06,-6.9707,6.7465,9.6304e+05
7.2e-06,-6.9314,6.8429,9.6351e+05
7.3e-06,-6.8921,6.9392,9.6399e+05
7.4e-06,-6.8528,7.0357,9.6447e+05
7.5e-06,-6.8136,7.1321,9.6497e+05
7.6e-06,-6.7743,7.2286,9.6547e+05
7.7e-06,-6.735,7.3252,9.6598e+05
7.8e-06,-6.6957,7.4218,9.665e+05
7.9e-06,-6.6565,7.5185,9.6703e+05
8e-06,-6.6172,7.6153,9.6757e+05
8.1e-06,-6.5779,7.712,9.6812e+05
8.2e-06,-6.5386,7.8089,9.6868e+05
8.3e-06,-6.4994,7.9058,9.6926e+05
8.4e-06,-6.4601,8.0027,9.6984e+05
8.5e-06,-6.4208,8.0997,9.7044e+05
8.6e-06,-6.3815,8.1968,9.7105e+05
8.7e-06,-6.3423,8.294,9.7167e+05
8.8e-06,-6.303,8.3912,9.7231e+05
8.9e-06,-6.2637,8.4884,9.7296e+05
9e-06,-6.2244,8.5857,9.7363e+05
9.1e-06,-6.1852,8.6831,9.7431e+05
9.2e-06,-6.1459,8.7806,9.7501e+05
9.3e-06,-6.1066,8.8781,9.7572e+05
9.4e-06,-6.0673,8.9758,9.7645e+05
9.5e-06,-6.0281,9.0734,9.772e+05
9.6e-06,-5.9888,9.1712,9.7797e+05
9.7e-06,-5.9495,9.269,9.7876e+05
9.8e-06,-5.9102,9.3669,9.7956e+05
9.9e-06,-5.871,9.4649,9.8039e+05
1e-05,-5.8317,9.563,9.8124e+05
1.01e-05,-5.7924,9.6612,9.8211e+05
1.02e-05,-5.7531,9.7594,9.83e+05
1.03e-05,-5.7139,9.8578,9.8392e+05
1.04e-05,-5.6746,9.9562,9.8487e+05
1.05e-05,-5.6353,10.055,9.8584e+05
1.06e-05,-5.596,10.153,9.8683e+05
1.07e-05,-5.5568,10.252,9.8786e+05
1.08e-05,-5.5175,10.351,9.8891e+05
1.09e-05,-5.4782,10.45,9.8999e+05
1.1e-05,-5.4389,10.549,9.911e+05
1.11e-05,-5.3997,10.648,9.9225e+05
1.12e-05,-5.3604,10.747,9.9343e+05
1.13e-05,-5.3211,10.847,9.9464e+05
1.14e-05,-5.2818,10.946,9.959e+05
1.15e-05,-5.2426,11.046,9.9718e+05
1.16e-05,-5.2033,11.146,9.9851e+05
1.17e-05,-5.164,11.246,9.9988e+05
1.18e-05,-5.1247,11.346,1.0013e+06
1.19e-05,-5.0855,11.446,1.0027e+06
1.2e-05,-5.0462,11.546,1.0042e+06
1.21e-05,-5.0069,11.647,1.0058e+06
1.22e-05,-4.9676,11.747,1.0074e+06
1.23e-05,-4.9284,11.848,1.009e+06
1.24e-05,-4.8891,11.949,1.0107e+06
1.25e-05,-4.8498,12.05,1.0125e+06
1.26e-05,-4.8105,12.152,1.0143e+06
1.27e-05,-4.7713,12.253,1.0161e+06
1.28e-05,-4.732,12.355,1.0181e+06
1.29e-05,-4.6927,12.457,1.02e+06
1.3e-05,-4.6534,12.559,1.0221e+06
1.31e-05,-4.6142,12.661,1.0242e+06
1.32e-05,-4.5749,12.764,1.0264e+06
1.33e-05,-4.5356,12.867,1.0287e+06
1.34e-05,-4.4963,12.97,1.031e+06
1.35e-05,-4.4571,13.073,1.0334e+06
1.36e-05,-4.4178,13.176,1.0359e+06
1.37e-05,-4.3785,13.28,1.0385e+06
1.38e-05,-4.3392,13.384,1.0412e+06
1.39e-05,-4.3,13.488,1.0439e+06
1.4e-05,-4.2607,13.593,1.0468e+06
1.41e-05,-4.2214,13.698,1.0497e+06
1.42e-05,-4.1821,13.803,1.0528e+06
1.43e-05,-4.1429,13.908,1.056e+06
1.44e-05,-4.1036,14.014,1.0592e+06
1.45e-05,-4.0643,14.12,1.0626e+06
1.46e-05,-4.025,14.226,1.0661e+06
1.47e-05,-3.9858,14.333,1.0697e+06
1.48e-05,-3.9465,14.44,1.0735e+06
1.49e-05,-3.9072,14.548,1.0773e+06
1.5e-05,-3.8679,14.656,1.0813e+06
1.51e-05,-3.8287,14.764,1.0855e+06
1.52e-05,-3.7894,14.873,1.0898e+06
1.53e-05,-3.7501,14.982,1.0942e+06
1.54e-05,-3.7108,15.092,1.0988e+06
1.55e-05,-3.6716,15.202,1.1036e+06
1.56e-05,-3.6323,15.313,1.1085e+06
1.57e-05,-3.593,15.424,1.1136e+06
1.58e-05,-3.5537,15.535,1.1189e+06
1.59e-05,-3.5145,15.647,1.1244e+06
1.6e-05,-3.4752,15.76,1.1301e+06
1.61e-05,-3.4359,15.874,1.1359e+06
1.62e-05,-3.3966,15.987,1.142e+06
1.63e-05,-3.3574,16.102,1.1483e+06
1.64e-05,-3.3181,16.217,1.1548e+06
1.65e-05,-3.2788,16.333,1.1616e+06
1.66e-05,-3.2395,16.449,1.1685e+06
1.67e-05,-3.2003,16.567,1.1758e+06
1.68e-05,-3.161,16.685,1.1833e+06
1.69e-05,-3.1217,16.803,1.191e+06
1.7e-05,-3.0824,16.923,1.199e+06
1.71e-05,-3.0432,17.043,1.2073e+06
1.72e-05,-3.0039,17.164,1.216e+06
1.73e-05,-2.9646,17.286,1.2249e+06
1.74e-05,-2.9253,17.409,1.2341e+06
1.75e-05,-2.8861,17.533,1.2437e+06
1.76e-05,-2.8468,17.658,1.2536e+06
1.77e-05,-2.8075,17.784,1.2638e+06
1.78e-05,-2.7682,17.911,1.2744e+06
1.79e-05,-2.729,18.039,1.2854e+06
1.8e-05,-2.6897,18.168,1.2968e+06
1.81e-05,-2.6504,18.298,1.3085e+06
1.82e-05,-2.6111,18.43,1.3207e+06
1.83e-05,-2.5719,18.562,1.3333e+06
1.84e-05,-2.5326,18.696,1.3464e+06
1.85e-05,-2.4933,18.832,1.3599e+06
1.86e-05,-2.454,18.968,1.3739e+06
1.87e-05,-2.4148,19.106,1.3883e+06
1.88e-05,-2.3755,19.246,1.4033e+06
1.89e-05,-2.3362,19.387,1.4188e+06
1.9e-05,-2.2969,19.53,1.4348e+06
1.91e-05,-2.2577,19.674,1.4514e+06
1.92e-05,-2.2184,19.82,1.4686e+06
1.93e-05,-2.1791,19.968,1.4863e+06
1.94e-05,-2.1398,20.117,1.5047e+06
1.95e-05,-2.1006,20.269,1.5237e+06
1.96e-05,-2.0613,20.422,1.5433e+06
1.97e-05,-2.022,20.577,1.5636e+06
1.98e-05,-1.9827,20.735,1.5846e+06
1.99e-05,-1.9435,20.894,1.6063e+06
2e-05,-1.9042,21.056,1.6287e+06
2.01e-05,-1.8649,21.22,1.6519e+06
2.02e-05,-1.8256,21.387,1.6758e+06
2.03e-05,-1.7864,21.555,1.7006e+06
2.04e-05,-1.7471,21.727,1.7261e+06
2.05e-05,-1.7078,21.901,1.7525e+06
2.06e-05,-1.6685,22.077,1.7798e+06
2.07e-05,-1.6293,22.257,1.8079e+06
2.08e-05,-1.59,22.439,1.837e+06
2.09e-05,-1.5507,22.624,1.8669e+06
2.1e-05,-1.5114,22.812,1.8979e+06
2.11e-05,-1.4722,23.004,1.9298e+06
2.12e-05,-1.4329,23.198,1.9627e+06
2.13e-05,-1.3936,23.396,1.9967e+06
2.14e-05,-1.3543,23.598,2.0317e+06
2.15e-05,-1.3151,23.803,2.0678e+06
2.16e-05,-1.2758,24.011,2.105e+06
2.17e-05,-1.2365,24.224,2.1433e+06
2.18e-05,-1.1972,24.44,2.1828e+06
2.19e-05,-1.158,24.66,2.2234e+06
2.2e-05,-1.1187,24.885,2.2652e+06
2.21e-05,-1.0794,25.114,2.3083e+06
2.22e-05,-1.0401,25.347,2.3526e+06
2.23e-05,-1.0009,25.584,2.3981e+06
2.24e-05,-0.96158,25.826,2.445e+06
2.25e-05,-0.92231,26.073,2.4931e+06
2.26e-05,-0.88303,26.325,2.5426e+06
2.27e-05,-0.84376,26.582,2.5934e+06
2.28e-05,-0.80448,26.844,2.6455e+06
2.29e-05,-0.76521,27.111,2.699e+06
2.3e-05,-0.72593,27.384,2.7539e+06
2.31e-05,-0.68666,27.662,2.8102e+06
2.32e-05,-0.64738,27.946,2.8679e+06
2.33e-05,-0.60811,28.235,2.927e+06
2.34e-05,-0.56883,28.531,2.9875e+06
2.35e-05,-0.52956,28.833,3.0494e+06
2.36e-05,-0.49028,29.141,3.1127e+06
2.37e-05,-0.45101,29.456,3.1775e+06
2.38e-05,-0.41173,29.777,3.2437e+06
2.39e-05,-0.37246,30.104,3.3112e+06
2.4e-05,-0.33318,30.439,3.3802e+06
2.41e-05,-0.29391,30.78,3.4505e+06
2.42e-05,-0.25463,31.129,3.5222e+06
2.43e-05,-0.21536,31.485,3.5953e+06
2.44e-05,-0.17608,31.848,3.6696e+06
2.45e-05,-0.13681,32.219,3.7452e+06
2.46e-05,-0.09753,32.597,3.8221e+06
2.47e-05,-0.058255,32.983,3.9002e+06
2.48e-05,-0.01898,33.377,3.9794e+06
2.49e-05,0.020295,33.779,4.0597e+06
2.5e-05,0.05957,34.189,4.1411e+06
2.51e-05,0.098845,34.608,4.2235e+06
2.52e-05,0.13812,35.034,4.3069e+06
2.53e-05,0.1774,35.469,4.3911e+06
2.54e-05,0.21667,35.912,4.476e+06
2.55e-05,0.25595,36.364,4.5617e+06
2.56e-05,0.29522,36.825,4.6481e+06
2.57e-05,0.3345,37.294,4.7349e+06
2.58e-05,0.37377,37.772,4.8222e+06
2.59e-05,0.41305,38.258,4.9097e+06
2.6e-05,0.45232,38.754,4.9975e+06
2.61e-05,0.4916,39.258,5.0855e+06
2.62e-05,0.53087,39.771,5.1733e+06
2.63e-05,0.57015,40.293,5.2611e+06
2.64e-05,0.60942,40.823,5.3485e+06
2.65e-05,0.6487,41.362,5.4356e+06
2.66e-05,0.68797,41.91,5.5221e+06
2.67e-05,0.72725,42.467,5.6079e+06
2.68e-05,0.76652,43.032,5.6928e+06
2.69e-05,0.8058,43.605,5.7768e+06
2.7e-05,0.84507,44.187,5.8596e+06
2.71e-05,0.88435,44.777,5.9411e+06
2.72e-05,0.92362,45.375,6.0211e+06
2.73e-05,0.9629,45.981,6.0995e+06
2.74e-05,1.0022,46.595,6.1761e+06
2.75e-05,1.0414,47.216,6.2507e+06
2.76e-05,1.0807,47.845,6.3232e+06
2.77e-05,1.12,48.481,6.3935e+06
2.78e-05,1.1593,49.124,6.4613e+06
2.79e-05,1.1985,49.773,6.5265e+06
2.8e-05,1.2378,50.429,6.5889e+06
2.81e-05,1.2771,51.091,6.6485e+06
2.82e-05,1.3164,51.758,6.705e+06
2.83e-05,1.3556,52.431,6.7584e+06
2.84e-05,1.3949,53.11,6.8084e+06
2.85e-05,1.4342,53.793,6.855e+06
2.86e-05,1.4735,54.481,6.898e+06
2.87e-05,1.5127,55.172,6.9373e+06
2.88e-05,1.552,55.868,6.9729e+06
2.89e-05,1.5913,56.567,7.0045e+06
2.9e-05,1.6306,57.269,7.0322e+06
2.91e-05,1.6698,57.973,7.0559e+06
2.92e-05,1.7091,58.68,7.0755e+06
2.93e-05,1.7484,59.388,7.0909e+06
2.94e-05,1.7877,60.097,7.1021e+06
2.95e-05,1.8269,60.808,7.1091e+06
2.96e-05,1.8662,61.519,7.1118e+06
2.97e-05,1.9055,62.23,7.1103e+06
2.98e-05,1.9448,62.941,7.1045e+06
2.99e-05,1.984,63.651,7.0945e+06
3e-05,2.0233,64.36,7.0803e+06
3.01e-05,2.0626,65.067,7.062e+06
3.02e-05,2.1019,65.772,7.0395e+06
3.03e-05,2.1411,66.474,7.013e+06
3.04e-05,2.1804,67.174,6.9825e+06
3.05e-05,2.2197,67.871,6.9481e+06
3.06e-05,2.259,68.564,6.9099e+06
3.07e-05,2.2982,69.253,6.868e+06
3.08e-05,2.3375,69.937,6.8226e+06
3.09e-05,2.3768,70.617,6.7736e+06
3.1e-05,2.4161,71.292,6.7214e+06
3.11e-05,2.4553,71.961,6.6659e+06
3.12e-05,2.4946,72.625,6.6073e+06
3.13e-05,2.5339,73.282,6.5458e+06
3.14e-05,2.5732,73.934,6.4816e+06
3.15e-05,2.6124,74.578,6.4147e+06
3.16e-05,2.6517,75.217,6.3454e+06
3.17e-05,2.691,75.847,6.2738e+06
3.18e-05,2.7303,76.471,6.2e+06
3.19e-05,2.7695,77.087,6.1242e+06
3.2e-05,2.8088,77.696,6.0467e+06
3.21e-05,2.8481,78.297,5.9674e+06
3.22e-05,2.8874,78.889,5.8867e+06
3.23e-05,2.9266,79.474,5.8046e+06
3.24e-05,2.9659,80.05,5.7214e+06
3.25e-05,3.0052,80.618,5.6371e+06
3.26e-05,3.0445,81.178,5.552e+06
3.27e-05,3.0837,81.728,5.4661e+06
3.28e-05,3.123,82.271,5.3796e+06
3.29e-05,3.1623,82.804,5.2928e+06
3.3e-05,3.2016,83.329,5.2056e+06
3.31e-05,3.2408,83.845,5.1183e+06
3.32e-05,3.2801,84.353,5.0309e+06
3.33e-05,3.3194,84.852,4.9436e+06
3.34e-05,3.3587,85.342,4.8565e+06
3.35e-05,3.3979,85.823,4.7696e+06
3.36e-05,3.4372,86.296,4.6833e+06
3.37e-05,3.4765,86.76,4.5974e+06
3.38e-05,3.5158,87.215,4.5121e+06
3.39e-05,3.555,87.662,4.4275e+06
3.4e-05,3.5943,88.101,4.3437e+06
3.41e-05,3.6336,88.531,4.2608e+06
3.42e-05,3.6729,88.953,4.1787e+06
3.43e-05,3.7121,89.367,4.0977e+06
3.44e-05,3.7514,89.772,4.0177e+06
3.45e-05,3.7907,90.17,3.9388e+06
3.46e-05,3.83,90.56,3.861e+06
3.47e-05,3.8692,90.943,3.7845e+06
3.48e-05,3.9085,91.317,3.7092e+06
3.49e-05,3.9478,91.684,3.6352e+06
3.5e-05,3.9871,92.044,3.5624e+06
3.51e-05,4.0263,92.397,3.491e+06
3.52e-05,4.0656,92.743,3.421e+06
3.53e-05,4.1049,93.081,3.3523e+06
3.54e-05,4.1442,93.413,3.2851e+06
3.55e-05,4.1834,93.738,3.2192e+06
3.56e-05,4.2227,94.057,3.1547e+06
3.57e-05,4.262,94.369,3.0917e+06
3.58e-05,4.3013,94.675,3.03e+06
3.59e-05,4.3405,94.975,2.9698e+06
3.6e-05,4.3798,95.269,2.911e+06
3.61e-05,4.4191,95.558,2.8536e+06
3.62e-05,4.4584,95.84,2.7976e+06
3.63e-05,4.4976,96.117,2.743e+06
3.64e-05,4.5369,96.389,2.6898e+06
3.65e-05,4.5762,96.655,2.638e+06
3.66e-05,4.6155,96.917,2.5875e+06
3.67e-05,4.6548,97.173,2.5383e+06
3.68e-05,4.694,97.424,2.4905e+06
3.69e-05,4.7333,97.671,2.444e+06
3.7e-05,4.7726,97.913,2.3988e+06
3.71e-05,4.8119,98.151,2.3548e+06
3.72e-05,4.8511,98.384,2.312e+06
3.73e-05,4.8904,98.613,2.2705e+06
3.74e-05,4.9297,98.838,2.2302e+06
3.75e-05,4.969,99.059,2.1911e+06
3.76e-05,5.0082,99.277,2.1531e+06
3.77e-05,5.0475,99.49,2.1163e+06
3.78e-05,5.0868,99.7,2.0805e+06
3.79e-05,5.1261,99.906,2.0459e+06
3.8e-05,5.1653,100.11,2.0122e+06
3.81e-05,5.2046,100.31,1.9797e+06
3.82e-05,5.2439,100.51,1.9481e+06
3.83e-05,5.2832,100.7,1.9175e+06
3.84e-05,5.3224,100.89,1.8879e+06
3.85e-05,5.3617,101.08,1.8592e+06
3.86e-05,5.401,101.26,1.8315e+06
3.87e-05,5.4403,101.44,1.8046e+06
3.88e-05,5.4795,101.62,1.7786e+06
3.89e-05,5.5188,101.8,1.7534e+06
3.9e-05,5.5581,101.97,1.7291e+06
3.91e-05,5.5974,102.14,1.7055e+06
3.92e-05,5.6366,102.31,1.6827e+06
3.93e-05,5.6759,102.48,1.6607e+06
3.94e-05,5.7152,102.65,1.6394e+06
3.95e-05,5.7545,102.81,1.6189e+06
3.96e-05,5.7937,102.97,1.599e+06
3.97e-05,5.833,103.13,1.5798e+06
3.98e-05,5.8723,103.29,1.5612e+06
3.99e-05,5.9116,103.44,1.5433e+06
4e-05,5.9508,103.59,1.5259e+06
4.01e-05,5.9901,103.75,1.5092e+06
4.02e-05,6.0294,103.9,1.493e+06
4.03e-05,6.0687,104.04,1.4774e+06
4.04e-05,6.1079,104.19,1.4624e+06
4.05e-05,6.1472,104.34,1.4479e+06
4.06e-05,6.1865,104.48,1.4338e+06
4.07e-05,6.2258,104.62,1.4203e+06
4.08e-05,6.265,104.77,1.4072e+06
4.09e-05,6.3043,104.91,1.3946e+06
4.1e-05,6.3436,105.04,1.3825e+06
4.11e-05,6.3829,105.18,1.3707e+06
4.12e-05,6.4221,105.32,1.3594e+06
4.13e-05,6.4614,105.45,1.3485e+06
4.14e-05,6.5007,105.59,1.338e+06
4.15e-05,6.54,105.72,1.3279e+06
4.16e-05,6.5792,105.85,1.3181e+06
4.17e-05,6.6185,105.98,1.3086e+06
4.18e-05,6.6578,106.12,1.2996e+06
4.19e-05,6.6971,106.24,1.2908e+06
4.2e-05,6.7363,106.37,1.2824e+06
4.21e-05,6.7756,106.5,1.2742e+06
4.22e-05,6.8149,106.63,1.2664e+06
4.23e-05,6.8542,106.75,1.2588e+06
4.24e-05,6.8934,106.88,1.2516e+06
4.25e-05,6.9327,107,1.2446e+06
4.26e-05,6.972,107.13,1.2378e+06
4.27e-05,7.0113,107.25,1.2313e+06
4.28e-05,7.0505,107.38,1.225e+06
4.29e-05,7.0898,107.5,1.219e+06
4.3e-05,7.1291,107.62,1.2132e+06
4.31e-05,7.1684,107.74,1.2076e+06
4.32e-05,7.2076,107.86,1.2023e+06
4.33e-05,7.2469,107.98,1.1971e+06
4.34e-05,7.2862,108.1,1.1921e+06
4.35e-05,7.3255,108.22,1.1873e+06
4.36e-05,7.3647,108.34,1.1827e+06
4.37e-05,7.404,108.46,1.1783e+06
4.38e-05,7.4433,108.57,1.174e+06
4.39e-05,7.4826,108.69,1.1699e+06
4.4e-05,7.5218,108.81,1.1659e+06
4.41e-05,7.5611,108.92,1.1622e+06
4.42e-05,7.6004,109.04,1.1585e+06
4.43e-05,7.6397,109.16,1.155e+06
4.44e-05,7.6789,109.27,1.1516e+06
4.45e-05,7.7182,109.39,1.1484e+06
4.46e-05,7.7575,109.5,1.1453e+06
4.47e-05,7.7968,109.61,1.1423e+06
4.48e-05,7.836,109.73,1.1394e+06
4.49e-05,7.8753,109.84,1.1366e+06
4.5e-05,7.9146,109.96,1.134e+06
4.51e-05,7.9539,110.07,1.1314e+06
4.52e-05,7.9931,110.18,1.129e+06
4.53e-05,8.0324,110.3,1.1266e+06
4.54e-05,8.0717,110.41,1.1244e+06
4.55e-05,8.111,110.52,1.1222e+06
4.56e-05,8.1502,110.63,1.1202e+06
4.57e-05,8.1895,110.74,1.1182e+06
4.58e-05,8.2288,110.86,1.1163e+06
4.59e-05,8.2681,110.97,1.1144e+06
4.6e-05,8.3073,111.08,1.1127e+06
4.61e-05,8.3466,111.19,1.111e+06
4.62e-05,8.3859,111.3,1.1094e+06
4.63e-05,8.4252,111.41,1.1079e+06
4.64e-05,8.4644,111.52,1.1064e+06
4.65e-05,8.5037,111.63,1.105e+06
4.66e-05,8.543,111.74,1.1036e+06
4.67e-05,8.5823,111.85,1.1023e+06
4.68e-05,8.6215,111.96,1.1011e+06
4.69e-05,8.6608,112.07,1.0999e+06
4.7e-05,8.7001,112.18,1.0988e+06
4.71e-05,8.7394,112.29,1.0977e+06
4.72e-05,8.7786,112.4,1.0967e+06
4.73e-05,8.8179,112.51,1.0957e+06
4.74e-05,8.8572,112.62,1.0948e+06
4.75e-05,8.8965,112.73,1.0939e+06
4.76e-05,8.9357,112.84,1.093e+06
4.77e-05,8.975,112.95,1.0922e+06
4.78e-05,9.0143,113.06,1.0915e+06
4.79e-05,9.0536,113.17,1.0907e+06
4.8e-05,9.0928,113.28,1.09e+06
4.81e-05,9.1321,113.39,1.0894e+06
4.82e-05,9.1714,113.5,1.0887e+06
4.83e-05,9.2107,113.6,1.0881e+06
4.84e-05,9.2499,113.71,1.0876e+06
4.85e-05,9.2892,113.82,1.087e+06
4.86e-05,9.3285,113.93,1.0865e+06
4.87e-05,9.3678,114.04,1.0861e+06
4.88e-05,9.407,114.15,1.0856e+06
4.89e-05,9.4463,114.26,1.0852e+06
4.9e-05,9.4856,114.37,1.0848e+06
4.91e-05,9.5249,114.47,1.0844e+06
4.92e-05,9.5641,114.58,1.0841e+06
4.93e-05,9.6034,114.69,1.0837e+06
4.94e-05,9.6427,114.8,1.0834e+06
4.95e-05,9.682,114.91,1.0831e+06
4.96e-05,9.7212,115.02,1.0829e+06
4.97e-05,9.7605,115.12,1.0826e+06
4.98e-05,9.7998,115.23,1.0824e+06
4.99e-05,9.8391,115.34,1.0822e+06
5e-05,9.8783,115.41,3.8214e+05
5.01e-05,9.8783,115.39,-9.386e+05
5.02e-05,9.8391,115.29,-9.3887e+05
5.03e-05,9.7998,115.2,-9.3915e+05
5.04e-05,9.7605,115.1,-9.3943e+05
5.05e-05,9.7212,115.01,-9.3971e+05
5.06e-05,9.682,114.92,-9.3999e+05
5.07e-05,9.6427,114.82,-9.4027e+05
5.08e-05,9.6034,114.73,-9.4055e+05
5.09e-05,9.5641,114.63,-9.4083e+05
5.1e-05,9.5249,114.54,-9.4111e+05
5.11e-05,9.4856,114.45,-9.4139e+05
5.12e-05,9.4463,114.35,-9.4167e+05
5.13e-05,9.407,114.26,-9.4196e+05
5.14e-05,9.3678,114.16,-9.4224e+05
5.15e-05,9.3285,114.07,-9.4253e+05
5.16e-05,9.2892,113.97,-9.4282e+05
5.17e-05,9.2499,113.88,-9.431e+05
5.18e-05,9.2107,113.79,-9.4339e+05
5.19e-05,9.1714,113.69,-9.4368e+05
5.2e-05,9.1321,113.6,-9.4397e+05
5.21e-05,9.0928,113.5,-9.4426e+05
5.22e-05,9.0536,113.41,-9.4456e+05
5.23e-05,9.0143,113.31,-9.4485e+05
5.24e-05,8.975,113.22,-9.4515e+05
5.25e-05,8.9357,113.12,-9.4544e+05
5.26e-05,8.8965,113.03,-9.4574e+05
5.27e-05,8.8572,112.94,-9.4604e+05
5.28e-05,8.8179,112.84,-9.4634e+05
5.29e-05,8.7786,112.75,-9.4664e+05
5.3e-05,8.7394,112.65,-9.4695e+05
5.31e-05,8.7001,112.56,-9.4725e+05
5.32e-05,8.6608,112.46,-9.4756e+05
5.33e-05,8.6215,112.37,-9.4787e+05
5.34e-05,8.5823,112.27,-9.4818e+05
5.35e-05,8.543,112.18,-9.4849e+05
5.36e-05,8.5037,112.08,-9.488e+05
5.37e-05,8.4644,111.99,-9.4912e+05
5.38e-05,8.4252,111.89,-9.4944e+05
5.39e-05,8.3859,111.8,-9.4976e+05
5.4e-05,8.3466,111.7,-9.5008e+05
5.41e-05,8.3073,111.61,-9.504e+05
5.42e-05,8.2681,111.51,-9.5073e+05
5.43e-05,8.2288,111.42,-9.5106e+05
5.44e-05,8.1895,111.32,-9.5139e+05
5.45e-05,8.1502,111.23,-9.5173e+05
5.46e-05,8.111,111.13,-9.5206e+05
5.47e-05,8.0717,111.04,-9.524e+05
5.48e-05,8.0324,110.94,-9.5275e+05
5.49e-05,7.9931,110.85,-9.5309e+05
5.5e-05,7.9539,110.75,-9.5344e+05
5.51e-05,7.9146,110.66,-9.538e+05
5.52e-05,7.8753,110.56,-9.5415e+05
5.53e-05,7.836,110.47,-9.5451e+05
5.54e-05,7.7968,110.37,-9.5487e+05
5.55e-05,7.7575,110.27,-9.5524e+05
5.56e-05,7.7182,110.18,-9.5561e+05
5.57e-05,7.6789,110.08,-9.5599e+05
5.58e-05,7.6397,109.99,-9.5637e+05
5.59e-05,7.6004,109.89,-9.5675e+05
5.6e-05,7.5611,109.8,-9.5714e+05
5.61e-05,7.5218,109.7,-9.5754e+05
5.62e-05,7.4826,109.6,-9.5794e+05
5.63e-05,7.4433,109.51,-9.5834e+05
5.64e-05,7.404,109.41,-9.5875e+05
5.65e-05,7.3647,109.32,-9.5917e+05
5.66e-05,7.3255,109.22,-9.5959e+05
5.67e-05,7.2862,109.13,-9.6001e+05
5.68e-05,7.2469,109.03,-9.6045e+05
5.69e-05,7.2076,108.93,-9.6089e+05
5.7e-05,7.1684,108.84,-9.6133e+05
5.71e-05,7.1291,108.74,-9.6179e+05
5.72e-05,7.0898,108.64,-9.6225e+05
5.73e-05,7.0505,108.55,-9.6272e+05
5.74e-05,7.0113,108.45,-9.6319e+05
5.75e-05,6.972,108.36,-9.6368e+05
5.76e-05,6.9327,108.26,-9.6417e+05
5.77e-05,6.8934,108.16,-9.6467e+05
5.78e-05,6.8542,108.07,-9.6518e+05
5.79e-05,6.8149,107.97,-9.657e+05
5.8e-05,6.7756,107.87,-9.6623e+05
5.81e-05,6.7363,107.78,-9.6677e+05
5.82e-05,6.6971,107.68,-9.6733e+05
5.83e-05,6.6578,107.58,-9.6789e+05
5.84e-05,6.6185,107.49,-9.6846e+05
5.85e-05,6.5792,107.39,-9.6905e+05
5.86e-05,6.54,107.29,-9.6964e+05
5.87e-05,6.5007,107.2,-9.7025e+05
5.88e-05,6.4614,107.1,-9.7088e+05
5.89e-05,6.4221,107,-9.7152e+05
5.9e-05,6.3829,106.9,-9.7217e+05
5.91e-05,6.3436,106.81,-9.7283e+05
5.92e-05,6.3043,106.71,-9.7351e+05
5.93e-05,6.265,106.61,-9.7421e+05
5.94e-05,6.2258,106.51,-9.7493e+05
5.95e-05,6.1865,106.42,-9.7566e+05
5.96e-05,6.1472,106.32,-9.7641e+05
5.97e-05,6.1079,106.22,-9.7717e+05
5.98e-05,6.0687,106.12,-9.7796e+05
5.99e-05,6.0294,106.03,-9.7877e+05
6e-05,5.9901,105.93,-9.796e+05
6.01e-05,5.9508,105.83,-9.8044e+05
6.02e-05,5.9116,105.73,-9.8132e+05
6.03e-05,5.8723,105.63,-9.8221e+05
6.04e-05,5.833,105.54,-9.8313e+05
6.05e-05,5.7937,105.44,-9.8407e+05
6.06e-05,5.7545,105.34,-9.8504e+05
6.07e-05,5.7152,105.24,-9.8604e+05
6.08e-05,5.6759,105.14,-9.8706e+05
6.09e-05,5.6366,105.04,-9.8811e+05
6.1e-05,5.5974,104.94,-9.892e+05
6.11e-05,5.5581,104.85,-9.9031e+05
6.12e-05,5.5188,104.75,-9.9146e+05
6.13e-05,5.4795,104.65,-9.9264e+05
6.14e-05,5.4403,104.55,-9.9385e+05
6.15e-05,5.401,104.45,-9.951e+05
6.16e-05,5.3617,104.35,-9.9639e+05
6.17e-05,5.3224,104.25,-9.9771e+05
6.18e-05,5.2832,104.15,-9.9908e+05
6.19e-05,5.2439,104.05,-1.0005e+06
6.2e-05,5.2046,103.95,-1.0019e+06
6.21e-05,5.1653,103.85,-1.0034e+06
6.22e-05,5.1261,103.75,-1.005e+06
6.23e-05,5.0868,103.65,-1.0066e+06
6.24e-05,5.0475,103.55,-1.0082e+06
6.25e-05,5.0082,103.45,-1.0099e+06
6.26e-05,4.969,103.35,-1.0117e+06
6.27e-05,4.9297,103.24,-1.0135e+06
6.28e-05,4.8904,103.14,-1.0153e+06
6.29e-05,4.8511,103.04,-1.0173e+06
6.3e-05,4.8119,102.94,-1.0192e+06
6.31e-05,4.7726,102.84,-1.0213e+06
6.32e-05,4.7333,102.73,-1.0234e+06
6.33e-05,4.694,102.63,-1.0256e+06
6.34e-05,4.6548,102.53,-1.0279e+06
6.35e-05,4.6155,102.43,-1.0302e+06
6.36e-05,4.5762,102.32,-1.0326e+06
6.37e-05,4.5369,102.22,-1.0351e+06
6.38e-05,4.4976,102.12,-1.0377e+06
6.39e-05,4.4584,102.01,-1.0404e+06
6.4e-05,4.4191,101.91,-1.0431e+06
6.41e-05,4.3798,101.8,-1.046e+06
6.42e-05,4.3405,101.7,-1.049e+06
6.43e-05,4.3013,101.59,-1.052e+06
6.44e-05,4.262,101.49,-1.0552e+06
6.45e-05,4.2227,101.38,-1.0584e+06
6.46e-05,4.1834,101.28,-1.0618e+06
6.47e-05,4.1442,101.17,-1.0653e+06
6.48e-05,4.1049,101.06,-1.0689e+06
6.49e-05,4.0656,100.96,-1.0727e+06
6.5e-05,4.0263,100.85,-1.0765e+06
6.51e-05,3.9871,100.74,-1.0806e+06
6.52e-05,3.9478,100.63,-1.0847e+06
6.53e-05,3.9085,100.52,-1.089e+06
6.54e-05,3.8692,100.42,-1.0934e+06
6.55e-05,3.83,100.31,-1.098e+06
6.56e-05,3.7907,100.2,-1.1028e+06
6.57e-05,3.7514,100.09,-1.1077e+06
6.58e-05,3.7121,99.974,-1.1128e+06
6.59e-05,3.6729,99.863,-1.1181e+06
6.6e-05,3.6336,99.751,-1.1236e+06
6.61e-05,3.5943,99.638,-1.1293e+06
6.62e-05,3.555,99.525,-1.1351e+06
6.63e-05,3.5158,99.411,-1.1412e+06
6.64e-05,3.4765,99.297,-1.1475e+06
6.65e-05,3.4372,99.182,-1.154e+06
6.66e-05,3.3979,99.066,-1.1608e+06
6.67e-05,3.3587,98.949,-1.1677e+06
6.68e-05,3.3194,98.832,-1.175e+06
6.69e-05,3.2801,98.714,-1.1825e+06
6.7e-05,3.2408,98.596,-1.1902e+06
6.71e-05,3.2016,98.476,-1.1982e+06
6.72e-05,3.1623,98.356,-1.2066e+06
6.73e-05,3.123,98.235,-1.2152e+06
6.74e-05,3.0837,98.113,-1.2241e+06
6.75e-05,3.0445,97.99,-1.2333e+06
6.76e-05,3.0052,97.866,-1.2429e+06
6.77e-05,2.9659,97.742,-1.2528e+06
6.78e-05,2.9266,97.616,-1.263e+06
6.79e-05,2.8874,97.489,-1.2736e+06
6.8e-05,2.8481,97.361,-1.2846e+06
6.81e-05,2.8088,97.232,-1.296e+06
6.82e-05,2.7695,97.102,-1.3077e+06
6.83e-05,2.7303,96.971,-1.3199e+06
6.84e-05,2.691,96.838,-1.3325e+06
6.85e-05,2.6517,96.704,-1.3456e+06
6.86e-05,2.6124,96.569,-1.3591e+06
6.87e-05,2.5732,96.432,-1.3731e+06
6.88e-05,2.5339,96.294,-1.3875e+06
6.89e-05,2.4946,96.155,-1.4025e+06
6.9e-05,2.4553,96.014,-1.418e+06
6.91e-05,2.4161,95.871,-1.434e+06
6.92e-05,2.3768,95.727,-1.4506e+06
6.93e-05,2.3375,95.581,-1.4678e+06
6.94e-05,2.2982,95.433,-1.4855e+06
6.95e-05,2.259,95.284,-1.5039e+06
6.96e-05,2.2197,95.132,-1.5229e+06
6.97e-05,2.1804,94.979,-1.5425e+06
6.98e-05,2.1411,94.824,-1.5628e+06
6.99e-05,2.1019,94.667,-1.5838e+06
7e-05,2.0626,94.507,-1.6055e+06
7.01e-05,2.0233,94.345,-1.6279e+06
7.02e-05,1.984,94.181,-1.6511e+06
7.03e-05,1.9448,94.015,-1.675e+06
7.04e-05,1.9055,93.846,-1.6998e+06
7.05e-05,1.8662,93.675,-1.7253e+06
7.06e-05,1.8269,93.501,-1.7517e+06
7.07e-05,1.7877,93.325,-1.779e+06
7.08e-05,1.7484,93.145,-1.8071e+06
7.09e-05,1.7091,92.963,-1.8362e+06
7.1e-05,1.6698,92.778,-1.8661e+06
7.11e-05,1.6306,92.59,-1.8971e+06
7.12e-05,1.5913,92.399,-1.929e+06
7.13e-05,1.552,92.204,-1.9619e+06
7.14e-05,1.5127,92.006,-1.9959e+06
7.15e-05,1.4735,91.805,-2.0309e+06
7.16e-05,1.4342,91.6,-2.067e+06
7.17e-05,1.3949,91.391,-2.1042e+06
7.18e-05,1.3556,91.179,-2.1425e+06
7.19e-05,1.3164,90.963,-2.182e+06
7.2e-05,1.2771,90.743,-2.2226e+06
7.21e-05,1.2378,90.518,-2.2644e+06
7.22e-05,1.1985,90.29,-2.3075e+06
7.23e-05,1.1593,90.057,-2.3518e+06
7.24e-05,1.12,89.819,-2.3973e+06
7.25e-05,1.0807,89.577,-2.4442e+06
7.26e-05,1.0414,89.33,-2.4923e+06
7.27e-05,1.0022,89.079,-2.5418e+06
7.28e-05,0.9629,88.822,-2.5926e+06
7.29e-05,0.92362,88.56,-2.6447e+06
7.3e-05,0.88435,88.293,-2.6982e+06
7.31e-05,0.84507,88.02,-2.7531e+06
7.32e-05,0.8058,87.742,-2.8094e+06
7.33e-05,0.76652,87.458,-2.8671e+06
7.34e-05,0.72725,87.169,-2.9262e+06
7.35e-05,0.68797,86.873,-2.9867e+06
7.36e-05,0.6487,86.571,-3.0486e+06
7.37e-05,0.60942,86.263,-3.1119e+06
7.38e-05,0.57015,85.949,-3.1767e+06
7.39e-05,0.53087,85.628,-3.2429e+06
7.4e-05,0.4916,85.3,-3.3104e+06
7.41e-05,0.45232,84.966,-3.3794e+06
7.42e-05,0.41305,84.624,-3.4497e+06
7.43e-05,0.37377,84.276,-3.5214e+06
7.44e-05,0.3345,83.92,-3.5945e+06
7.45e-05,0.29522,83.557,-3.6688e+06
7.46e-05,0.25595,83.186,-3.7444e+06
7.47e-05,0.21667,82.808,-3.8213e+06
7.48e-05,0.1774,82.422,-3.8994e+06
7.49e-05,0.13812,82.028,-3.9786e+06
7.5e-05,0.098845,81.626,-4.0589e+06
7.51e-05,0.05957,81.216,-4.1403e+06
7.52e-05,0.020295,80.798,-4.2227e+06
7.53e-05,-0.01898,80.372,-4.3061e+06
7.54e-05,-0.058255,79.937,-4.3903e+06
7.55e-05,-0.09753,79.493,-4.4753e+06
7.56e-05,-0.13681,79.042,-4.5609e+06
7.57e-05,-0.17608,78.581,-4.6473e+06
7.58e-05,-0.21536,78.112,-4.7341e+06
7.59e-05,-0.25463,77.634,-4.8214e+06
7.6e-05,-0.29391,77.148,-4.9089e+06
7.61e-05,-0.33318,76.653,-4.9968e+06
7.62e-05,-0.37246,76.149,-5.0847e+06
7.63e-05,-0.41173,75.636,-5.1725e+06
7.64e-05,-0.45101,75.114,-5.2603e+06
7.65e-05,-0.49028,74.584,-5.3477e+06
7.66e-05,-0.52956,74.044,-5.4348e+06
7.67e-05,-0.56883,73.497,-5.5213e+06
7.68e-05,-0.60811,72.94,-5.6071e+06
7.69e-05,-0.64738,72.375,-5.692e+06
7.7e-05,-0.68666,71.802,-5.776e+06
7.71e-05,-0.72593,71.22,-5.8588e+06
7.72e-05,-0.76521,70.63,-5.9403e+06
7.73e-05,-0.80448,70.032,-6.0203e+06
7.74e-05,-0.84376,69.426,-6.0987e+06
7.75e-05,-0.88303,68.813,-6.1753e+06
7.76e-05,-0.92231,68.191,-6.2499e+06
7.77e-05,-0.96158,67.563,-6.3224e+06
7.78e-05,-1.0009,66.927,-6.3927e+06
7.79e-05,-1.0401,66.284,-6.4605e+06
7.8e-05,-1.0794,65.635,-6.5257e+06
7.81e-05,-1.1187,64.979,-6.5882e+06
7.82e-05,-1.158,64.317,-6.6477e+06
7.83e-05,-1.1972,63.65,-6.7042e+06
7.84e-05,-1.2365,62.977,-6.7576e+06
7.85e-05,-1.2758,62.299,-6.8076e+06
7.86e-05,-1.3151,61.615,-6.8542e+06
7.87e-05,-1.3543,60.928,-6.8972e+06
7.88e-05,-1.3936,60.236,-6.9365e+06
7.89e-05,-1.4329,59.541,-6.9721e+06
7.9e-05,-1.4722,58.842,-7.0037e+06
7.91e-05,-1.5114,58.14,-7.0314e+06
7.92e-05,-1.5507,57.436,-7.0551e+06
7.93e-05,-1.59,56.729,-7.0747e+06
7.94e-05,-1.6293,56.021,-7.0901e+06
7.95e-05,-1.6685,55.312,-7.1013e+06
7.96e-05,-1.7078,54.601,-7.1083e+06
7.97e-05,-1.7471,53.89,-7.111e+06
7.98e-05,-1.7864,53.179,-7.1095e+06
7.99e-05,-1.8256,52.468,-7.1037e+06
8e-05,-1.8649,51.759,-7.0937e+06
8.01e-05,-1.9042,51.05,-7.0795e+06
8.02e-05,-1.9435,50.343,-7.0612e+06
8.03e-05,-1.9827,49.638,-7.0387e+06
8.04e-05,-2.022,48.935,-7.0122e+06
8.05e-05,-2.0613,48.236,-6.9817e+06
8.06e-05,-2.1006,47.539,-6.9473e+06
8.07e-05,-2.1398,46.846,-6.9091e+06
8.08e-05,-2.1791,46.158,-6.8672e+06
8.09e-05,-2.2184,45.473,-6.8218e+06
8.1e-05,-2.2577,44.793,-6.7728e+06
8.11e-05,-2.2969,44.119,-6.7206e+06
8.12e-05,-2.3362,43.449,-6.6651e+06
8.13e-05,-2.3755,42.786,-6.6065e+06
8.14e-05,-2.4148,42.128,-6.545e+06
8.15e-05,-2.454,41.477,-6.4808e+06
8.16e-05,-2.4933,40.832,-6.4139e+06
8.17e-05,-2.5326,40.194,-6.3446e+06
8.18e-05,-2.5719,39.563,-6.273e+06
8.19e-05,-2.6111,38.94,-6.1992e+06
8.2e-05,-2.6504,38.324,-6.1234e+06
8.21e-05,-2.6897,37.715,-6.0459e+06
8.22e-05,-2.729,37.115,-5.9666e+06
8.23e-05,-2.7682,36.522,-5.8859e+06
8.24e-05,-2.8075,35.937,-5.8038e+06
8.25e-05,-2.8468,35.361,-5.7206e+06
8.26e-05,-2.8861,34.793,-5.6363e+06
8.27e-05,-2.9253,34.234,-5.5512e+06
8.28e-05,-2.9646,33.683,-5.4653e+06
8.29e-05,-3.0039,33.141,-5.3789e+06
8.3e-05,-3.0432,32.607,-5.292e+06
8.31e-05,-3.0824,32.083,-5.2048e+06
8.32e-05,-3.1217,31.567,-5.1175e+06
8.33e-05,-3.161,31.059,-5.0301e+06
8.34e-05,-3.2003,30.561,-4.9428e+06
8.35e-05,-3.2395,30.071,-4.8557e+06
8.36e-05,-3.2788,29.589,-4.7689e+06
8.37e-05,-3.3181,29.117,-4.6825e+06
8.38e-05,-3.3574,28.653,-4.5966e+06
8.39e-05,-3.3966,28.197,-4.5113e+06
8.4e-05,-3.4359,27.751,-4.4267e+06
8.41e-05,-3.4752,27.312,-4.3429e+06
8.42e-05,-3.5145,26.882,-4.26e+06
8.43e-05,-3.5537,26.46,-4.1779e+06
8.44e-05,-3.593,26.046,-4.0969e+06
8.45e-05,-3.6323,25.641,-4.0169e+06
8.46e-05,-3.6716,25.243,-3.938e+06
8.47e-05,-3.7108,24.853,-3.8602e+06
8.48e-05,-3.7501,24.471,-3.7837e+06
8.49e-05,-3.7894,24.096,-3.7084e+06
8.5e-05,-3.8287,23.729,-3.6344e+06
8.51e-05,-3.8679,23.369,-3.5616e+06
8.52e-05,-3.9072,23.017,-3.4902e+06
8.53e-05,-3.9465,22.671,-3.4202e+06
8.54e-05,-3.9858,22.332,-3.3515e+06
8.55e-05,-4.025,22.001,-3.2843e+06
8.56e-05,-4.0643,21.676,-3.2184e+06
8.57e-05,-4.1036,21.357,-3.1539e+06
8.58e-05,-4.1429,21.045,-3.0909e+06
8.59e-05,-4.1821,20.739,-3.0292e+06
8.6e-05,-4.2214,20.439,-2.969e+06
8.61e-05,-4.2607,20.145,-2.9102e+06
8.62e-05,-4.3,19.857,-2.8528e+06
8.63e-05,-4.3392,19.574,-2.7968e+06
8.64e-05,-4.3785,19.297,-2.7422e+06
8.65e-05,-4.4178,19.026,-2.689e+06
8.66e-05,-4.4571,18.759,-2.6372e+06
8.67e-05,-4.4963,18.498,-2.5867e+06
8.68e-05,-4.5356,18.242,-2.5376e+06
8.69e-05,-4.5749,17.991,-2.4897e+06
8.7e-05,-4.6142,17.744,-2.4432e+06
8.71e-05,-4.6534,17.502,-2.398e+06
8.72e-05,-4.6927,17.264,-2.354e+06
8.73e-05,-4.732,17.031,-2.3113e+06
8.74e-05,-4.7713,16.802,-2.2697e+06
8.75e-05,-4.8105,16.577,-2.2294e+06
8.76e-05,-4.8498,16.356,-2.1903e+06
8.77e-05,-4.8891,16.139,-2.1523e+06
8.78e-05,-4.9284,15.926,-2.1155e+06
8.79e-05,-4.9676,15.716,-2.0797e+06
8.8e-05,-5.0069,15.51,-2.0451e+06
8.81e-05,-5.0462,15.307,-2.0115e+06
8.82e-05,-5.0855,15.107,-1.9789e+06
8.83e-05,-5.1247,14.911,-1.9473e+06
8.84e-05,-5.164,14.718,-1.9167e+06
8.85e-05,-5.2033,14.527,-1.8871e+06
8.86e-05,-5.2426,14.34,-1.8584e+06
8.87e-05,-5.2818,14.156,-1.8307e+06
8.88e-05,-5.3211,13.974,-1.8038e+06
8.89e-05,-5.3604,13.795,-1.7778e+06
8.9e-05,-5.3997,13.618,-1.7526e+06
8.91e-05,-5.4389,13.444,-1.7283e+06
8.92e-05,-5.4782,13.273,-1.7047e+06
8.93e-05,-5.5175,13.103,-1.6819e+06
8.94e-05,-5.5568,12.936,-1.6599e+06
8.95e-05,-5.596,12.771,-1.6386e+06
8.96e-05,-5.6353,12.609,-1.6181e+06
8.97e-05,-5.6746,12.448,-1.5982e+06
8.98e-05,-5.7139,12.289,-1.579e+06
8.99e-05,-5.7531,12.132,-1.5604e+06
9e-05,-5.7924,11.977,-1.5425e+06
9.01e-05,-5.8317,11.823,-1.5251e+06
9.02e-05,-5.871,11.672,-1.5084e+06
9.03e-05,-5.9102,11.522,-1.4923e+06
9.04e-05,-5.9495,11.373,-1.4767e+06
9.05e-05,-5.9888,11.226,-1.4616e+06
9.06e-05,-6.0281,11.081,-1.4471e+06
9.07e-05,-6.0673,10.937,-1.433e+06
9.08e-05,-6.1066,10.794,-1.4195e+06
9.09e-05,-6.1459,10.653,-1.4064e+06
9.1e-05,-6.1852,10.513,-1.3938e+06
9.11e-05,-6.2244,10.374,-1.3817e+06
9.12e-05,-6.2637,10.237,-1.3699e+06
9.13e-05,-6.303,10.1,-1.3586e+06
9.14e-05,-6.3423,9.9648,-1.3477e+06
9.15e-05,-6.3815,9.8306,-1.3372e+06
9.16e-05,-6.4208,9.6974,-1.3271e+06
9.17e-05,-6.4601,9.5652,-1.3173e+06
9.18e-05,-6.4994,9.4339,-1.3078e+06
9.19e-05,-6.5386,9.3036,-1.2988e+06
9.2e-05,-6.5779,9.1741,-1.29e+06
9.21e-05,-6.6172,9.0456,-1.2816e+06
9.22e-05,-6.6565,8.9178,-1.2734e+06
9.23e-05,-6.6957,8.7909,-1.2656e+06
9.24e-05,-6.735,8.6647,-1.258e+06
9.25e-05,-6.7743,8.5392,-1.2508e+06
9.26e-05,-6.8136,8.4145,-1.2438e+06
9.27e-05,-6.8528,8.2905,-1.237e+06
9.28e-05,-6.8921,8.1671,-1.2305e+06
9.29e-05,-6.9314,8.0444,-1.2243e+06
9.3e-05,-6.9707,7.9222,-1.2182e+06
9.31e-05,-7.0099,7.8007,-1.2124e+06
9.32e-05,-7.0492,7.6797,-1.2068e+06
9.33e-05,-7.0885,7.5593,-1.2015e+06
9.34e-05,-7.1278,7.4394,-1.1963e+06
9.35e-05,-7.167,7.32,-1.1913e+06
9.36e-05,-7.2063,7.2012,-1.1865e+06
9.37e-05,-7.2456,7.0827,-1.1819e+06
9.38e-05,-7.2849,6.9648,-1.1775e+06
9.39e-05,-7.3241,6.8472,-1.1732e+06
9.4e-05,-7.3634,6.7301,-1.1691e+06
9.41e-05,-7.4027,6.6134,-1.1652e+06
9.42e-05,-7.442,6.4971,-1.1614e+06
9.43e-05,-7.4812,6.3811,-1.1577e+06
9.44e-05,-7.5205,6.2655,-1.1542e+06
9.45e-05,-7.5598,6.1503,-1.1508e+06
9.46e-05,-7.5991,6.0354,-1.1476e+06
9.47e-05,-7.6383,5.9208,-1.1445e+06
9.48e-05,-7.6776,5.8065,-1.1415e+06
9.49e-05,-7.7169,5.6925,-1.1386e+06
9.5e-05,-7.7562,5.5787,-1.1358e+06
9.51e-05,-7.7954,5.4653,-1.1332e+06
9.52e-05,-7.8347,5.3521,-1.1306e+06
9.53e-05,-7.874,5.2391,-1.1282e+06
9.54e-05,-7.9133,5.1264,-1.1259e+06
9.55e-05,-7.9525,5.014,-1.1236e+06
9.56e-05,-7.9918,4.9017,-1.1214e+06
9.57e-05,-8.0311,4.7897,-1.1194e+06
9.58e-05,-8.0704,4.6778,-1.1174e+06
9.59e-05,-8.1096,4.5662,-1.1155e+06
9.6e-05,-8.1489,4.4547,-1.1136e+06
9.61e-05,-8.1882,4.3435,-1.1119e+06
9.62e-05,-8.2275,4.2324,-1.1102e+06
9.63e-05,-8.2667,4.1214,-1.1086e+06
9.64e-05,-8.306,4.0106,-1.1071e+06
9.65e-05,-8.3453,3.9,-1.1056e+06
9.66e-05,-8.3846,3.7895,-1.1042e+06
9.67e-05,-8.4238,3.6792,-1.1028e+06
9.68e-05,-8.4631,3.5689,-1.1015e+06
9.69e-05,-8.5024,3.4588,-1.1003e+06
9.7e-05,-8.5417,3.3489,-1.0991e+06
9.71e-05,-8.5809,3.239,-1.098e+06
9.72e-05,-8.6202,3.1293,-1.0969e+06
9.73e-05,-8.6595,3.0196,-1.0959e+06
9.74e-05,-8.6988,2.9101,-1.0949e+06
9.75e-05,-8.738,2.8006,-1.094e+06
9.76e-05,-8.7773,2.6913,-1.0931e+06
9.77e-05,-8.8166,2.582,-1.0922e+06
9.78e-05,-8.8559,2.4728,-1.0914e+06
9.79e-05,-8.8951,2.3637,-1.0907e+06
9.8e-05,-8.9344,2.2547,-1.0899e+06
9.81e-05,-8.9737,2.1457,-1.0892e+06
9.82e-05,-9.013,2.0369,-1.0886e+06
9.83e-05,-9.0522,1.928,-1.0879e+06
9.84e-05,-9.0915,1.8193,-1.0873e+06
9.85e-05,-9.1308,1.7106,-1.0868e+06
9.86e-05,-9.1701,1.6019,-1.0863e+06
9.87e-05,-9.2093,1.4933,-1.0857e+06
9.88e-05,-9.2486,1.3848,-1.0853e+06
9.89e-05,-9.2879,1.2763,-1.0848e+06
9.9e-05,-9.3272,1.1678,-1.0844e+06
9.91e-05,-9.3664,1.0594,-1.084e+06
9.92e-05,-9.4057,0.95099,-1.0836e+06
9.93e-05,-9.445,0.84265,-1.0833e+06
9.94e-05,-9.4843,0.73434,-1.0829e+06
9.95e-05,-9.5235,0.62606,-1.0826e+06
9.96e-05,-9.5628,0.51781,-1.0824e+06
9.97e-05,-9.6021,0.40958,-1.0821e+06
9.98e-05,-9.6414,0.30139,-1.0818e+06
9.99e-05,-9.6806,0.19322,-1.0816e+06
0.0001,-9.7199,0.085064,-1.0814e+06
0.0001001,-9.7592,-0.023089,-1.0817e+06
